1314644090
1461812110
1282510661
1011242628
1430768045
2143811850
439905332
1681602186
1861756329
2052782401
1357885777
534990184
1187156847
218881544
1203417538
1510683809
1326341598
1
2104344492
749995252
2079339194
54797989
852099722
1759946255
1952964301
1258790998
1696726905
597990462
221850819
383850499
19
1536494910
2084383397
1666361160
400253890
1367667794
1662689362
840159222
901786332
1376962044
745457975
112188461
1911952228
1932614822
331070005
967886118
1295814983
623148782
146744068
1252675828
1373144034
78599614
77760108
2
1838545869
1112954471
1336551107
1387789126
1710944933
1558401926
2010360413
2094795432
947413188
1947260162
1613672944
1347667079
1167444309
1128878658
40342653
2069230641
358357054
785800629
33935455
122825634
570931803
365005460
1090711752
1866746787
988154243
1237455820
971938967
1316055434
5
131929136
291574738
1007117655
1244883607
1628125845
247423134
808344892
1039044123
110299899
755656676
1986457312
2057560062
221845972
1186640743
1077520723
1350724631
1226983396
999267716
1709081685
2012784025
1033203171
1831907320
436232181
1398208632
775135424
155495320
238879227
2012591245
1127434287
452693856
1181163031
744268594
57
40797039
356763383
224910791
288220173
1165108275
1263954915
398520072
1920764952
1102928579
308596486
2142610924
142085674
1386117209
1345851907
1369069070
237901278
907449945
1234369448
1271104449
591873617
1670601629
521829433
1367009041
1826096949
760708660
1232116638
806047588
1213402517
2065411011
63
1957671111
306593061
274690746
35098255
594813234
1439799022
1299053170
993333306
1213080326
254498101
1301929793
1208207602
396583775
540563354
406575862
1765652845
778464632
1314025807
852538645
2049569082
1905899424
375656626
423914867
1125424817
54269927
1184623528
210057808
860317515
475853830
77
778244879
60729860
782446891
1052935625
95828115
1377260125
345250999
1394881285
223109783
1558331325
1649379386
1525039576
619055280
2045963161
2065602931
1025631142
1664132359
696583915
192173301
369187356
598669349
2098072725
744843983
1022584217
1076013894
799113910
59724097
1286071702
310266494
100
1761925532
290192657
370996354
396888775
1343128282
466824470
1774148900
1688379282
1861705755
1997258684
1099226959
1363601494
1374814612
1718282239
1262081007
1292933895
596429733
778729718
1989517811
788603034
1147917075
440703512
739192111
1892761058
1463287729
544391320
289
1523011826
953794060
56339098
1833278320
568235945
346531755
56791027
965124720
1689660038
523615497
591789973
1230555672
237837604
441565009
182298983
1601439098
1816379621
1900581223
716036458
961829869
349527308
1494766176
803864032
1138130343
495199603
1244567544
1877322454
240477013
560371626
1545044812
784868334
2083383452
351355225
841207432
1769178125
919591170
1187739188
1825969152
729915578
1892
202101001
329022215
1960471250
439938605
770587224
2142770233
2041377704
439483198
1895867808
609930514
1401313067
97911469
2104696690
57693451
1236041812
452412646
1302260995
965880618
692889659
1862632621
363441783
1477757993
1798532426
714797008
171481778
1420226903
1634388178
1359220966
1098712407
1371620420
2089136544
1300813408
1700642636
1902124146
1740752013
323746212
1897410731
1634646069
763229410
1645794892
97092935
17058829
1743706361
54305978
74752280
832264525
506718624
1377013276
1798145143
1199608283
1092162249
14103278
529882629
743211027
728900286
701364407
15954282
215804816
2060585373
1114666689
1587425237
2002238269
267996449
1140584225
1756878767
2008748463
1464330437
1506805850
1495910884
80076200
1005117094
1593003820
97135029
601339807
1647309798
171887310
1433604332
6544774
1548900586
1084265828
1206153057
493579187
1098369106
1736035686
1236790215
1827269393
289916445
1252744497
2043074209
203018170
219927539
1483015798
57772791
487923988
476116375
1814651558
349188803
1940446813
1173973761
1845099688
2020523013
31607207
1290619860
2117658042
632947015
790446010
142061704
2066551347
796990784
1690962290
1003333527
2003143841
37057830
2101702634
1591695880
1273848045
1781488379
1881612325
379108894
1677078940
2084630496
599036433
1012611091
2142403287
1086960422
1488727466
1809571198
1436149225
1281690631
836061311
1133765265
1154729996
867668518
276901477
1124904391
1500615533
1067347487
1266966095
1419683233
1864338271
810444738
275533112
1719998465
847502568
229752098
1164210697
2121350613
2011240477
898339374
352975859
1540835770
835486222
952012293
405963213
830405862
2038972715
1894690679
492493412
1327638292
1028897663
1328554723
313919910
36144011
48739593
590821387
1161048402
1549355127
1658168875
280530850
821554712
1375023498
1090975588
1097087824
947538315
1938478156
1326839923
2111749012
1912345121
1190596752
862604739
117837332
583948874
1698090961
1069849625
989912087
381013175
961338692
737119119
873506587
141493337
1766016782
54577662
455413247
1802160793
103317256
1046234634
815725548
1652672383
556919861
1096256398
326743447
1931943360
39748338
1423831271
731998027
1978226494
603187546
696263392
1743087967
1793784299
1558868131
1860925299
230249525
1109475444
783291277
1220161613
1490488620
1744629969
1957280732
216511559
1886123306
1575813866
271089222
194052905
1230491011
374406478
1240287540
2046216559
2027078861
1797207401
994989309
206338660
1581667113
1034737647
1630169931
166181493
865480493
85873830
862444885
461084812
1879658129
273829368
174526464
2109907654
1383304812
957817741
1182585619
726309784
554964062
992382703
942821344
293603721
420712921
1213910566
487656626
1651203933
1588317044
1727944166
1549936844
1467912257
1377667920
397442506
1674250917
811851385
1432180153
1156937200
978032878
150176999
1242811030
1840477763
611261811
974985511
2114307131
785788275
937409518
1350128296
1743606016
2119995137
2076438080
151086431
964894193
871775776
444690152
1385607114
2085686342
932346778
889327399
1526519738
512807297
291780596
846948347
1890475217
689223102
373715616
554842954
2121403255
1530652817
1532875833
124096606
625980199
1225869948
735358418
1600965711
1192693432
1521146693
390891581
395338080
1117269062
363403070
324292512
1268355493
1328297263
1196068289
1713045645
566420730
1134270983
497908775
1455748129
513307074
1010716072
1747528725
1360255421
753707641
289268179
1733971038
1308550596
263187787
1117140207
693942781
387284393
1743120406
1919812729
1122642811
1196602469
965022513
496305857
1587494050
1360360593
1613574919
1950897121
1684653106
734446764
1131710736
733237747
300008761
1698131466
1867508730
797917536
1006395948
233332156
1808633609
606441025
1593587578
414857602
895709205
1180074968
1723408198
1158896992
149731527
269867331
1546181385
1892851933
42196413
521340549
941970755
1007218926
1017646406
381981157
220095872
483737677
185394630
1904748978
1218184441
1317105367
490503077
1518193202
867753185
210528159
168627090
1874149133
443860316
1977260699
333106511
2037447894
244634654
1228815716
1070039214
1968042852
240229060
1219770741
90426536
1786410445
965139026
132622949
160267346
1907109781
1139841875
1177913752
141607291
1359937747
1661651429
327001921
1117203077
732352222
1644107288
1607706154
103061776
364376826
1818234314
271688867
91042311
114610982
101465918
424148822
4575228
346100572
1652964538
1074614442
166659777
1893193598
146901535
257086313
1532120396
1112040561
389709262
1692387742
871666695
1529551137
722817847
1013273986
742005237
236985628
1340275907
1859208314
969337851
836899548
1319430821
1072399627
1201276374
990181487
1344088494
1292318685
1104792469
1445554413
1716467508
1109367697
1791654985
1221948398
36498491
1958314762
967658349
183400026
67917427
352295097
1295440587
457626689
2044682839
19623634
1987177827
620017038
1032897620
581699416
857002667
225689880
293424082
1826340518
1062589428
1612854903
751256497
116382154
455552742
2095344992
1408700839
1560345211
1393415757
977684699
522229260
1037587094
52149450
558727751
848418209
1019807799
742127777
916335636
1372102896
2037568365
1373962326
1269302087
2057191999
1213656505
1889319126
942605972
1795355921
598838145
1168295852
2088780003
277695015
83401632
1554151259
1028951512
199783786
2009704001
976812856
1608484625
1422565565
222744965
438685677
1944794825
1260332060
490835127
356038929
2108750269
1510642926
1098166706
877602257
735262174
988251423
104080935
2004564261
897959775
1317737440
1746399739
1840565747
965609713
197754236
861377951
906906069
475449251
944779583
313573680
1504400764
1144563369
175794033
333729972
605564346
1598359598
556474938
1044250023
1395670776
1816806998
1535085150
1751709705
1778073619
898244428
702392763
508192228
1633506602
1690644187
612273164
1490587216
441120314
1930010604
1089503307
134202413
748136670
1287257544
995580364
1655042739
1762706795
1940359947
1968616419
1119623911
937439668
2144410452
1453353884
1543004014
1595286403
2009828822
439770390
843473531
1679152172
1974855540
447699588
1309742143
725616321
1150092351
1817934371
211639275
693252890
282723887
1702226491
1134373204
65250844
644246151
1268575617
813387514
1931503695
116672333
320946605
1546726842
2057032280
142079376
518867106
846988300
139006180
1972220990
242508667
1734292583
1834566164
682279057
430282466
1366234688
509650949
877982054
528493183
1235267270
2028074406
198943906
1446906546
573843648
481667794
1001649389
1708216853
546918638
1645895540
829308822
1360306152
1429915587
945981156
1681252757
829158782
855529788
1823332133
1348025888
1702518089
1962338313
1172763230
1945026756
1549147249
859845746
479822165
1979429715
78596786
989473114
709928122
607089969
77256737
590518880
806033875
1524163283
1164362528
1287701669
378329024
725095733
1834620307
2024224565
1554404556
1047442811
1306656504
352902064
581211920
2135815286
1208431852
257060405
1336357526
763466293
71915071
361637108
561009401
1621062320
1221482854
1040831566
1453008387
1300079640
2030304681
15452861
1907169609
2107561418
605971741
565719837
1484241053
1770334270
1853421506
1862570077
347946355
1540558166
1739310994
1902350911
440517329
898483851
107769327
1021729250
886815489
1316201180
1278789655
75689368
2079667473
1350704726
437326476
493193227
824283398
1658809331
1534024793
129808138
811405323
1416845826
145260999
571091285
1376923596
751232741
1136811122
713681001
374083363
842748980
428767431
722029718
235823498
20594777
476896982
676340828
919078628
584666309
1698070078
1805894118
1900867489
829376085
1881583486
1833051315
32597164
171426314
178760894
856880562
1830235645
1712785687
986688700
494157321
982147866
