57
63
77
35098255
40797039
54269927
60729860
95828115
142085674
155495320
192173301
210057808
223109783
224910791
237901278
238879227
254498101
274690746
288220173
306593061
308596486
345250999
356763383
369187356
375656626
396583775
398520072
406575862
423914867
436232181
452693856
475853830
521829433
540563354
591873617
594813234
598669349
619055280
696583915
744268594
744843983
760708660
775135424
778244879
778464632
782446891
806047588
852538645
860317515
907449945
993333306
999267716
1022584217
1025631142
1033203171
1052935625
1102928579
1125424817
1127434287
1165108275
1181163031
1184623528
1208207602
1213080326
1213402517
1232116638
1234369448
1263954915
1271104449
1299053170
1301929793
1314025807
1345851907
1367009041
1369069070
1377260125
1386117209
1394881285
1398208632
1439799022
1525039576
1558331325
1649379386
1664132359
1670601629
1709081685
1765652845
1826096949
1831907320
1905899424
1920764952
1957671111
2012591245
2012784025
2045963161
2049569082
2065411011
2065602931
2098072725
214261092457
63
77
35098255
40797039
54269927
60729860
95828115
142085674
155495320
192173301
210057808
223109783
224910791
237901278
238879227
254498101
274690746
288220173
306593061
308596486
345250999
356763383
369187356
375656626
396583775
398520072
406575862
423914867
436232181
452693856
475853830
521829433
540563354
591873617
594813234
598669349
619055280
696583915
744268594
744843983
760708660
775135424
778244879
778464632
782446891
806047588
852538645
860317515
907449945
993333306
999267716
1022584217
1025631142
1033203171
1052935625
1102928579
1125424817
1127434287
1165108275
1181163031
1184623528
1208207602
1213080326
1213402517
1232116638
1234369448
1263954915
1271104449
1299053170
1301929793
1314025807
1345851907
1367009041
1369069070
1377260125
1386117209
1394881285
1398208632
1439799022
1525039576
1558331325
1649379386
1664132359
1670601629
1709081685
1765652845
1826096949
1831907320
1905899424
1920764952
1957671111
2012591245
2012784025
2045963161
2049569082
2065411011
2065602931
2098072725
214261092457
63
77
35098255
40797039
54269927
60729860
95828115
142085674
155495320
192173301
210057808
223109783
224910791
237901278
238879227
254498101
274690746
288220173
306593061
308596486
345250999
356763383
369187356
375656626
396583775
398520072
406575862
423914867
436232181
452693856
475853830
521829433
540563354
591873617
594813234
598669349
619055280
696583915
744268594
744843983
760708660
775135424
778244879
778464632
782446891
806047588
852538645
860317515
907449945
993333306
999267716
1022584217
1025631142
1033203171
1052935625
1102928579
1125424817
1127434287
1165108275
1181163031
1184623528
1208207602
1213080326
1213402517
1232116638
1234369448
1263954915
1271104449
1299053170
1301929793
1314025807
1345851907
1367009041
1369069070
1377260125
1386117209
1394881285
1398208632
1439799022
1525039576
1558331325
1649379386
1664132359
1670601629
1709081685
1765652845
1826096949
1831907320
1905899424
1920764952
1957671111
2012591245
2012784025
2045963161
2049569082
2065411011
2065602931
2098072725
214261092457
63
77
35098255
40797039
54269927
60729860
95828115
142085674
155495320
192173301
210057808
223109783
224910791
237901278
238879227
254498101
274690746
288220173
306593061
308596486
345250999
356763383
369187356
375656626
396583775
398520072
406575862
423914867
436232181
452693856
475853830
521829433
540563354
591873617
594813234
598669349
619055280
696583915
744268594
744843983
760708660
775135424
778244879
778464632
782446891
806047588
852538645
860317515
907449945
993333306
999267716
1022584217
1025631142
1033203171
1052935625
1102928579
1125424817
1127434287
1165108275
1181163031
1184623528
1208207602
1213080326
1213402517
1232116638
1234369448
1263954915
1271104449
1299053170
1301929793
1314025807
1345851907
1367009041
1369069070
1377260125
1386117209
1394881285
1398208632
1439799022
1525039576
1558331325
1649379386
1664132359
1670601629
1709081685
1765652845
1826096949
1831907320
1905899424
1920764952
1957671111
2012591245
2012784025
2045963161
2049569082
2065411011
2065602931
2098072725
214261092457
63
77
35098255
40797039
54269927
60729860
95828115
142085674
155495320
192173301
210057808
223109783
224910791
237901278
238879227
254498101
274690746
288220173
306593061
308596486
345250999
356763383
369187356
375656626
396583775
398520072
406575862
423914867
436232181
452693856
475853830
521829433
540563354
591873617
594813234
598669349
619055280
696583915
744268594
744843983
760708660
775135424
778244879
778464632
782446891
806047588
852538645
860317515
907449945
993333306
999267716
1022584217
1025631142
1033203171
1052935625
1102928579
1125424817
1127434287
1165108275
1181163031
1184623528
1208207602
1213080326
1213402517
1232116638
1234369448
1263954915
1271104449
1299053170
1301929793
1314025807
1345851907
1367009041
1369069070
1377260125
1386117209
1394881285
1398208632
1439799022
1525039576
1558331325
1649379386
1664132359
1670601629
1709081685
1765652845
1826096949
1831907320
1905899424
1920764952
1957671111
2012591245
2012784025
2045963161
2049569082
2065411011
2065602931
2098072725
214261092457
63
77
35098255
40797039
54269927
60729860
95828115
142085674
155495320
192173301
210057808
223109783
224910791
237901278
238879227
254498101
274690746
288220173
306593061
308596486
345250999
356763383
369187356
375656626
396583775
398520072
406575862
423914867
436232181
452693856
475853830
521829433
540563354
591873617
594813234
598669349
619055280
696583915
744268594
744843983
760708660
775135424
778244879
778464632
782446891
806047588
852538645
860317515
907449945
993333306
999267716
1022584217
1025631142
1033203171
1052935625
1102928579
1125424817
1127434287
1165108275
1181163031
1184623528
1208207602
1213080326
1213402517
1232116638
1234369448
1263954915
1271104449
1299053170
1301929793
1314025807
1345851907
1367009041
1369069070
1377260125
1386117209
1394881285
1398208632
1439799022
1525039576
1558331325
1649379386
1664132359
1670601629
1709081685
1765652845
1826096949
1831907320
1905899424
1920764952
1957671111
2012591245
2012784025
2045963161
2049569082
2065411011
2065602931
2098072725
214261092457
63
77
35098255
40797039
54269927
60729860
95828115
142085674
155495320
192173301
210057808
223109783
224910791
237901278
238879227
254498101
274690746
288220173
306593061
308596486
345250999
356763383
369187356
375656626
396583775
398520072
406575862
423914867
436232181
452693856
475853830
521829433
540563354
591873617
594813234
598669349
619055280
696583915
744268594
744843983
760708660
775135424
778244879
778464632
782446891
806047588
852538645
860317515
907449945
993333306
999267716
1022584217
1025631142
1033203171
1052935625
1102928579
1125424817
1127434287
1165108275
1181163031
1184623528
1208207602
1213080326
1213402517
1232116638
1234369448
1263954915
1271104449
1299053170
1301929793
1314025807
1345851907
1367009041
1369069070
1377260125
1386117209
1394881285
1398208632
1439799022
1525039576
1558331325
1649379386
1664132359
1670601629
1709081685
1765652845
1826096949
1831907320
1905899424
1920764952
1957671111
2012591245
2012784025
2045963161
2049569082
2065411011
2065602931
2098072725
214261092457
63
77
35098255
40797039
54269927
60729860
95828115
142085674
155495320
192173301
210057808
223109783
224910791
237901278
238879227
254498101
274690746
288220173
306593061
308596486
345250999
356763383
369187356
375656626
396583775
398520072
406575862
423914867
436232181
452693856
475853830
521829433
540563354
591873617
594813234
598669349
619055280
696583915
744268594
744843983
760708660
775135424
778244879
778464632
782446891
806047588
852538645
860317515
907449945
993333306
999267716
1022584217
1025631142
1033203171
1052935625
1102928579
1125424817
1127434287
1165108275
1181163031
1184623528
1208207602
1213080326
1213402517
1232116638
1234369448
1263954915
1271104449
1299053170
1301929793
1314025807
1345851907
1367009041
1369069070
1377260125
1386117209
1394881285
1398208632
1439799022
1525039576
1558331325
1649379386
1664132359
1670601629
1709081685
1765652845
1826096949
1831907320
1905899424
1920764952
1957671111
2012591245
2012784025
2045963161
2049569082
2065411011
2065602931
2098072725
214261092457
63
77
35098255
40797039
54269927
60729860
95828115
142085674
155495320
192173301
210057808
223109783
224910791
237901278
238879227
254498101
274690746
288220173
306593061
308596486
345250999
356763383
369187356
375656626
396583775
398520072
406575862
423914867
436232181
452693856
475853830
521829433
540563354
591873617
594813234
598669349
619055280
696583915
744268594
744843983
760708660
775135424
778244879
778464632
782446891
806047588
852538645
860317515
907449945
993333306
999267716
1022584217
1025631142
1033203171
1052935625
1102928579
1125424817
1127434287
1165108275
1181163031
1184623528
1208207602
1213080326
1213402517
1232116638
1234369448
1263954915
1271104449
1299053170
1301929793
1314025807
1345851907
1367009041
1369069070
1377260125
1386117209
1394881285
1398208632
1439799022
1525039576
1558331325
1649379386
1664132359
1670601629
1709081685
1765652845
1826096949
1831907320
1905899424
1920764952
1957671111
2012591245
2012784025
2045963161
2049569082
2065411011
2065602931
2098072725
214261092457
63
77
35098255
40797039
54269927
60729860
95828115
142085674
155495320
192173301
210057808
223109783
224910791
237901278
238879227
254498101
274690746
288220173
306593061
308596486
345250999
356763383
369187356
375656626
396583775
398520072
406575862
423914867
436232181
452693856
475853830
521829433
540563354
591873617
594813234
598669349
619055280
696583915
744268594
744843983
760708660
775135424
778244879
778464632
782446891
806047588
852538645
860317515
907449945
993333306
999267716
1022584217
1025631142
1033203171
1052935625
1102928579
1125424817
1127434287
1165108275
1181163031
1184623528
1208207602
1213080326
1213402517
1232116638
1234369448
1263954915
1271104449
1299053170
1301929793
1314025807
1345851907
1367009041
1369069070
1377260125
1386117209
1394881285
1398208632
1439799022
1525039576
1558331325
1649379386
1664132359
1670601629
1709081685
1765652845
1826096949
1831907320
1905899424
1920764952
1957671111
2012591245
2012784025
2045963161
2049569082
2065411011
2065602931
2098072725
214261092457
63
77
35098255
40797039
54269927
60729860
95828115
142085674
155495320
192173301
210057808
223109783
224910791
237901278
238879227
254498101
274690746
288220173
306593061
308596486
345250999
356763383
369187356
375656626
396583775
398520072
406575862
423914867
436232181
452693856
475853830
521829433
540563354
591873617
594813234
598669349
619055280
696583915
744268594
744843983
760708660
775135424
778244879
778464632
782446891
806047588
852538645
860317515
907449945
993333306
999267716
1022584217
1025631142
1033203171
1052935625
1102928579
1125424817
1127434287
1165108275
1181163031
1184623528
1208207602
1213080326
1213402517
1232116638
1234369448
1263954915
1271104449
1299053170
1301929793
1314025807
1345851907
1367009041
1369069070
1377260125
1386117209
1394881285
1398208632
1439799022
1525039576
1558331325
1649379386
1664132359
1670601629
1709081685
1765652845
1826096949
1831907320
1905899424
1920764952
1957671111
2012591245
2012784025
2045963161
2049569082
2065411011
2065602931
2098072725
2142610924