36144011
39748338
48739593
54577662
103317256
117837332
141493337
194052905
216511559
229752098
230249525
271089222
275533112
276901477
280530850
313919910
326743447
352975859
374406478
381013175
405963213
455413247
492493412
556919861
583948874
590821387
603187546
696263392
731998027
737119119
783291277
810444738
815725548
821554712
830405862
835486222
836061311
847502568
862604739
867668518
873506587
898339374
947538315
952012293
961338692
989912087
1028897663
1046234634
1067347487
1069849625
1090975588
1096256398
1097087824
1109475444
1124904391
1133765265
1154729996
1161048402
1164210697
1190596752
1220161613
1230491011
1240287540
1266966095
1281690631
1326839923
1327638292
1328554723
1375023498
1419683233
1423831271
1436149225
1490488620
1500615533
1540835770
1549355127
1558868131
1575813866
1652672383
1658168875
1698090961
1719998465
1743087967
1744629969
1766016782
1793784299
1802160793
1860925299
1864338271
1886123306
1894690679
1912345121
1931943360
1938478156
1957280732
1978226494
2011240477
2038972715
2111749012
212135061336144011
39748338
48739593
54577662
103317256
117837332
141493337
194052905
216511559
229752098
230249525
271089222
275533112
276901477
280530850
313919910
326743447
352975859
374406478
381013175
405963213
455413247
492493412
556919861
583948874
590821387
603187546
696263392
731998027
737119119
783291277
810444738
815725548
821554712
830405862
835486222
836061311
847502568
862604739
867668518
873506587
898339374
947538315
952012293
961338692
989912087
1028897663
1046234634
1067347487
1069849625
1090975588
1096256398
1097087824
1109475444
1124904391
1133765265
1154729996
1161048402
1164210697
1190596752
1220161613
1230491011
1240287540
1266966095
1281690631
1326839923
1327638292
1328554723
1375023498
1419683233
1423831271
1436149225
1490488620
1500615533
1540835770
1549355127
1558868131
1575813866
1652672383
1658168875
1698090961
1719998465
1743087967
1744629969
1766016782
1793784299
1802160793
1860925299
1864338271
1886123306
1894690679
1912345121
1931943360
1938478156
1957280732
1978226494
2011240477
2038972715
2111749012
212135061336144011
39748338
48739593
54577662
103317256
117837332
141493337
194052905
216511559
229752098
230249525
271089222
275533112
276901477
280530850
313919910
326743447
352975859
374406478
381013175
405963213
455413247
492493412
556919861
583948874
590821387
603187546
696263392
731998027
737119119
783291277
810444738
815725548
821554712
830405862
835486222
836061311
847502568
862604739
867668518
873506587
898339374
947538315
952012293
961338692
989912087
1028897663
1046234634
1067347487
1069849625
1090975588
1096256398
1097087824
1109475444
1124904391
1133765265
1154729996
1161048402
1164210697
1190596752
1220161613
1230491011
1240287540
1266966095
1281690631
1326839923
1327638292
1328554723
1375023498
1419683233
1423831271
1436149225
1490488620
1500615533
1540835770
1549355127
1558868131
1575813866
1652672383
1658168875
1698090961
1719998465
1743087967
1744629969
1766016782
1793784299
1802160793
1860925299
1864338271
1886123306
1894690679
1912345121
1931943360
1938478156
1957280732
1978226494
2011240477
2038972715
2111749012
212135061336144011
39748338
48739593
54577662
103317256
117837332
141493337
194052905
216511559
229752098
230249525
271089222
275533112
276901477
280530850
313919910
326743447
352975859
374406478
381013175
405963213
455413247
492493412
556919861
583948874
590821387
603187546
696263392
731998027
737119119
783291277
810444738
815725548
821554712
830405862
835486222
836061311
847502568
862604739
867668518
873506587
898339374
947538315
952012293
961338692
989912087
1028897663
1046234634
1067347487
1069849625
1090975588
1096256398
1097087824
1109475444
1124904391
1133765265
1154729996
1161048402
1164210697
1190596752
1220161613
1230491011
1240287540
1266966095
1281690631
1326839923
1327638292
1328554723
1375023498
1419683233
1423831271
1436149225
1490488620
1500615533
1540835770
1549355127
1558868131
1575813866
1652672383
1658168875
1698090961
1719998465
1743087967
1744629969
1766016782
1793784299
1802160793
1860925299
1864338271
1886123306
1894690679
1912345121
1931943360
1938478156
1957280732
1978226494
2011240477
2038972715
2111749012
212135061336144011
39748338
48739593
54577662
103317256
117837332
141493337
194052905
216511559
229752098
230249525
271089222
275533112
276901477
280530850
313919910
326743447
352975859
374406478
381013175
405963213
455413247
492493412
556919861
583948874
590821387
603187546
696263392
731998027
737119119
783291277
810444738
815725548
821554712
830405862
835486222
836061311
847502568
862604739
867668518
873506587
898339374
947538315
952012293
961338692
989912087
1028897663
1046234634
1067347487
1069849625
1090975588
1096256398
1097087824
1109475444
1124904391
1133765265
1154729996
1161048402
1164210697
1190596752
1220161613
1230491011
1240287540
1266966095
1281690631
1326839923
1327638292
1328554723
1375023498
1419683233
1423831271
1436149225
1490488620
1500615533
1540835770
1549355127
1558868131
1575813866
1652672383
1658168875
1698090961
1719998465
1743087967
1744629969
1766016782
1793784299
1802160793
1860925299
1864338271
1886123306
1894690679
1912345121
1931943360
1938478156
1957280732
1978226494
2011240477
2038972715
2111749012
212135061336144011
39748338
48739593
54577662
103317256
117837332
141493337
194052905
216511559
229752098
230249525
271089222
275533112
276901477
280530850
313919910
326743447
352975859
374406478
381013175
405963213
455413247
492493412
556919861
583948874
590821387
603187546
696263392
731998027
737119119
783291277
810444738
815725548
821554712
830405862
835486222
836061311
847502568
862604739
867668518
873506587
898339374
947538315
952012293
961338692
989912087
1028897663
1046234634
1067347487
1069849625
1090975588
1096256398
1097087824
1109475444
1124904391
1133765265
1154729996
1161048402
1164210697
1190596752
1220161613
1230491011
1240287540
1266966095
1281690631
1326839923
1327638292
1328554723
1375023498
1419683233
1423831271
1436149225
1490488620
1500615533
1540835770
1549355127
1558868131
1575813866
1652672383
1658168875
1698090961
1719998465
1743087967
1744629969
1766016782
1793784299
1802160793
1860925299
1864338271
1886123306
1894690679
1912345121
1931943360
1938478156
1957280732
1978226494
2011240477
2038972715
2111749012
212135061336144011
39748338
48739593
54577662
103317256
117837332
141493337
194052905
216511559
229752098
230249525
271089222
275533112
276901477
280530850
313919910
326743447
352975859
374406478
381013175
405963213
455413247
492493412
556919861
583948874
590821387
603187546
696263392
731998027
737119119
783291277
810444738
815725548
821554712
830405862
835486222
836061311
847502568
862604739
867668518
873506587
898339374
947538315
952012293
961338692
989912087
1028897663
1046234634
1067347487
1069849625
1090975588
1096256398
1097087824
1109475444
1124904391
1133765265
1154729996
1161048402
1164210697
1190596752
1220161613
1230491011
1240287540
1266966095
1281690631
1326839923
1327638292
1328554723
1375023498
1419683233
1423831271
1436149225
1490488620
1500615533
1540835770
1549355127
1558868131
1575813866
1652672383
1658168875
1698090961
1719998465
1743087967
1744629969
1766016782
1793784299
1802160793
1860925299
1864338271
1886123306
1894690679
1912345121
1931943360
1938478156
1957280732
1978226494
2011240477
2038972715
2111749012
212135061336144011
39748338
48739593
54577662
103317256
117837332
141493337
194052905
216511559
229752098
230249525
271089222
275533112
276901477
280530850
313919910
326743447
352975859
374406478
381013175
405963213
455413247
492493412
556919861
583948874
590821387
603187546
696263392
731998027
737119119
783291277
810444738
815725548
821554712
830405862
835486222
836061311
847502568
862604739
867668518
873506587
898339374
947538315
952012293
961338692
989912087
1028897663
1046234634
1067347487
1069849625
1090975588
1096256398
1097087824
1109475444
1124904391
1133765265
1154729996
1161048402
1164210697
1190596752
1220161613
1230491011
1240287540
1266966095
1281690631
1326839923
1327638292
1328554723
1375023498
1419683233
1423831271
1436149225
1490488620
1500615533
1540835770
1549355127
1558868131
1575813866
1652672383
1658168875
1698090961
1719998465
1743087967
1744629969
1766016782
1793784299
1802160793
1860925299
1864338271
1886123306
1894690679
1912345121
1931943360
1938478156
1957280732
1978226494
2011240477
2038972715
2111749012
212135061336144011
39748338
48739593
54577662
103317256
117837332
141493337
194052905
216511559
229752098
230249525
271089222
275533112
276901477
280530850
313919910
326743447
352975859
374406478
381013175
405963213
455413247
492493412
556919861
583948874
590821387
603187546
696263392
731998027
737119119
783291277
810444738
815725548
821554712
830405862
835486222
836061311
847502568
862604739
867668518
873506587
898339374
947538315
952012293
961338692
989912087
1028897663
1046234634
1067347487
1069849625
1090975588
1096256398
1097087824
1109475444
1124904391
1133765265
1154729996
1161048402
1164210697
1190596752
1220161613
1230491011
1240287540
1266966095
1281690631
1326839923
1327638292
1328554723
1375023498
1419683233
1423831271
1436149225
1490488620
1500615533
1540835770
1549355127
1558868131
1575813866
1652672383
1658168875
1698090961
1719998465
1743087967
1744629969
1766016782
1793784299
1802160793
1860925299
1864338271
1886123306
1894690679
1912345121
1931943360
1938478156
1957280732
1978226494
2011240477
2038972715
2111749012
212135061336144011
39748338
48739593
54577662
103317256
117837332
141493337
194052905
216511559
229752098
230249525
271089222
275533112
276901477
280530850
313919910
326743447
352975859
374406478
381013175
405963213
455413247
492493412
556919861
583948874
590821387
603187546
696263392
731998027
737119119
783291277
810444738
815725548
821554712
830405862
835486222
836061311
847502568
862604739
867668518
873506587
898339374
947538315
952012293
961338692
989912087
1028897663
1046234634
1067347487
1069849625
1090975588
1096256398
1097087824
1109475444
1124904391
1133765265
1154729996
1161048402
1164210697
1190596752
1220161613
1230491011
1240287540
1266966095
1281690631
1326839923
1327638292
1328554723
1375023498
1419683233
1423831271
1436149225
1490488620
1500615533
1540835770
1549355127
1558868131
1575813866
1652672383
1658168875
1698090961
1719998465
1743087967
1744629969
1766016782
1793784299
1802160793
1860925299
1864338271
1886123306
1894690679
1912345121
1931943360
1938478156
1957280732
1978226494
2011240477
2038972715
2111749012
212135061336144011
39748338
48739593
54577662
103317256
117837332
141493337
194052905
216511559
229752098
230249525
271089222
275533112
276901477
280530850
313919910
326743447
352975859
374406478
381013175
405963213
455413247
492493412
556919861
583948874
590821387
603187546
696263392
731998027
737119119
783291277
810444738
815725548
821554712
830405862
835486222
836061311
847502568
862604739
867668518
873506587
898339374
947538315
952012293
961338692
989912087
1028897663
1046234634
1067347487
1069849625
1090975588
1096256398
1097087824
1109475444
1124904391
1133765265
1154729996
1161048402
1164210697
1190596752
1220161613
1230491011
1240287540
1266966095
1281690631
1326839923
1327638292
1328554723
1375023498
1419683233
1423831271
1436149225
1490488620
1500615533
1540835770
1549355127
1558868131
1575813866
1652672383
1658168875
1698090961
1719998465
1743087967
1744629969
1766016782
1793784299
1802160793
1860925299
1864338271
1886123306
1894690679
1912345121
1931943360
1938478156
1957280732
1978226494
2011240477
2038972715
2111749012
2121350613