6544774
14103278
15954282
17058829
31607207
37057830
54305978
57772791
74752280
80076200
97092935
97135029
142061704
171887310
203018170
215804816
219927539
267996449
289916445
323746212
349188803
379108894
476116375
487923988
493579187
506718624
529882629
599036433
601339807
632947015
701364407
728900286
743211027
763229410
790446010
796990784
832264525
1003333527
1005117094
1012611091
1084265828
1086960422
1092162249
1098369106
1098712407
1114666689
1140584225
1173973761
1199608283
1206153057
1236790215
1252744497
1273848045
1290619860
1300813408
1359220966
1371620420
1377013276
1433604332
1464330437
1483015798
1488727466
1495910884
1506805850
1548900586
1587425237
1591695880
1593003820
1634646069
1645794892
1647309798
1677078940
1690962290
1700642636
1736035686
1740752013
1743706361
1756878767
1781488379
1798145143
1809571198
1814651558
1827269393
1845099688
1881612325
1897410731
1902124146
1940446813
2002238269
2003143841
2008748463
2020523013
2043074209
2060585373
2066551347
2084630496
2089136544
2101702634
2117658042
21424032876544774
14103278
15954282
17058829
31607207
37057830
54305978
57772791
74752280
80076200
97092935
97135029
142061704
171887310
203018170
215804816
219927539
267996449
289916445
323746212
349188803
379108894
476116375
487923988
493579187
506718624
529882629
599036433
601339807
632947015
701364407
728900286
743211027
763229410
790446010
796990784
832264525
1003333527
1005117094
1012611091
1084265828
1086960422
1092162249
1098369106
1098712407
1114666689
1140584225
1173973761
1199608283
1206153057
1236790215
1252744497
1273848045
1290619860
1300813408
1359220966
1371620420
1377013276
1433604332
1464330437
1483015798
1488727466
1495910884
1506805850
1548900586
1587425237
1591695880
1593003820
1634646069
1645794892
1647309798
1677078940
1690962290
1700642636
1736035686
1740752013
1743706361
1756878767
1781488379
1798145143
1809571198
1814651558
1827269393
1845099688
1881612325
1897410731
1902124146
1940446813
2002238269
2003143841
2008748463
2020523013
2043074209
2060585373
2066551347
2084630496
2089136544
2101702634
2117658042
21424032876544774
14103278
15954282
17058829
31607207
37057830
54305978
57772791
74752280
80076200
97092935
97135029
142061704
171887310
203018170
215804816
219927539
267996449
289916445
323746212
349188803
379108894
476116375
487923988
493579187
506718624
529882629
599036433
601339807
632947015
701364407
728900286
743211027
763229410
790446010
796990784
832264525
1003333527
1005117094
1012611091
1084265828
1086960422
1092162249
1098369106
1098712407
1114666689
1140584225
1173973761
1199608283
1206153057
1236790215
1252744497
1273848045
1290619860
1300813408
1359220966
1371620420
1377013276
1433604332
1464330437
1483015798
1488727466
1495910884
1506805850
1548900586
1587425237
1591695880
1593003820
1634646069
1645794892
1647309798
1677078940
1690962290
1700642636
1736035686
1740752013
1743706361
1756878767
1781488379
1798145143
1809571198
1814651558
1827269393
1845099688
1881612325
1897410731
1902124146
1940446813
2002238269
2003143841
2008748463
2020523013
2043074209
2060585373
2066551347
2084630496
2089136544
2101702634
2117658042
21424032876544774
14103278
15954282
17058829
31607207
37057830
54305978
57772791
74752280
80076200
97092935
97135029
142061704
171887310
203018170
215804816
219927539
267996449
289916445
323746212
349188803
379108894
476116375
487923988
493579187
506718624
529882629
599036433
601339807
632947015
701364407
728900286
743211027
763229410
790446010
796990784
832264525
1003333527
1005117094
1012611091
1084265828
1086960422
1092162249
1098369106
1098712407
1114666689
1140584225
1173973761
1199608283
1206153057
1236790215
1252744497
1273848045
1290619860
1300813408
1359220966
1371620420
1377013276
1433604332
1464330437
1483015798
1488727466
1495910884
1506805850
1548900586
1587425237
1591695880
1593003820
1634646069
1645794892
1647309798
1677078940
1690962290
1700642636
1736035686
1740752013
1743706361
1756878767
1781488379
1798145143
1809571198
1814651558
1827269393
1845099688
1881612325
1897410731
1902124146
1940446813
2002238269
2003143841
2008748463
2020523013
2043074209
2060585373
2066551347
2084630496
2089136544
2101702634
2117658042
21424032876544774
14103278
15954282
17058829
31607207
37057830
54305978
57772791
74752280
80076200
97092935
97135029
142061704
171887310
203018170
215804816
219927539
267996449
289916445
323746212
349188803
379108894
476116375
487923988
493579187
506718624
529882629
599036433
601339807
632947015
701364407
728900286
743211027
763229410
790446010
796990784
832264525
1003333527
1005117094
1012611091
1084265828
1086960422
1092162249
1098369106
1098712407
1114666689
1140584225
1173973761
1199608283
1206153057
1236790215
1252744497
1273848045
1290619860
1300813408
1359220966
1371620420
1377013276
1433604332
1464330437
1483015798
1488727466
1495910884
1506805850
1548900586
1587425237
1591695880
1593003820
1634646069
1645794892
1647309798
1677078940
1690962290
1700642636
1736035686
1740752013
1743706361
1756878767
1781488379
1798145143
1809571198
1814651558
1827269393
1845099688
1881612325
1897410731
1902124146
1940446813
2002238269
2003143841
2008748463
2020523013
2043074209
2060585373
2066551347
2084630496
2089136544
2101702634
2117658042
21424032876544774
14103278
15954282
17058829
31607207
37057830
54305978
57772791
74752280
80076200
97092935
97135029
142061704
171887310
203018170
215804816
219927539
267996449
289916445
323746212
349188803
379108894
476116375
487923988
493579187
506718624
529882629
599036433
601339807
632947015
701364407
728900286
743211027
763229410
790446010
796990784
832264525
1003333527
1005117094
1012611091
1084265828
1086960422
1092162249
1098369106
1098712407
1114666689
1140584225
1173973761
1199608283
1206153057
1236790215
1252744497
1273848045
1290619860
1300813408
1359220966
1371620420
1377013276
1433604332
1464330437
1483015798
1488727466
1495910884
1506805850
1548900586
1587425237
1591695880
1593003820
1634646069
1645794892
1647309798
1677078940
1690962290
1700642636
1736035686
1740752013
1743706361
1756878767
1781488379
1798145143
1809571198
1814651558
1827269393
1845099688
1881612325
1897410731
1902124146
1940446813
2002238269
2003143841
2008748463
2020523013
2043074209
2060585373
2066551347
2084630496
2089136544
2101702634
2117658042
21424032876544774
14103278
15954282
17058829
31607207
37057830
54305978
57772791
74752280
80076200
97092935
97135029
142061704
171887310
203018170
215804816
219927539
267996449
289916445
323746212
349188803
379108894
476116375
487923988
493579187
506718624
529882629
599036433
601339807
632947015
701364407
728900286
743211027
763229410
790446010
796990784
832264525
1003333527
1005117094
1012611091
1084265828
1086960422
1092162249
1098369106
1098712407
1114666689
1140584225
1173973761
1199608283
1206153057
1236790215
1252744497
1273848045
1290619860
1300813408
1359220966
1371620420
1377013276
1433604332
1464330437
1483015798
1488727466
1495910884
1506805850
1548900586
1587425237
1591695880
1593003820
1634646069
1645794892
1647309798
1677078940
1690962290
1700642636
1736035686
1740752013
1743706361
1756878767
1781488379
1798145143
1809571198
1814651558
1827269393
1845099688
1881612325
1897410731
1902124146
1940446813
2002238269
2003143841
2008748463
2020523013
2043074209
2060585373
2066551347
2084630496
2089136544
2101702634
2117658042
21424032876544774
14103278
15954282
17058829
31607207
37057830
54305978
57772791
74752280
80076200
97092935
97135029
142061704
171887310
203018170
215804816
219927539
267996449
289916445
323746212
349188803
379108894
476116375
487923988
493579187
506718624
529882629
599036433
601339807
632947015
701364407
728900286
743211027
763229410
790446010
796990784
832264525
1003333527
1005117094
1012611091
1084265828
1086960422
1092162249
1098369106
1098712407
1114666689
1140584225
1173973761
1199608283
1206153057
1236790215
1252744497
1273848045
1290619860
1300813408
1359220966
1371620420
1377013276
1433604332
1464330437
1483015798
1488727466
1495910884
1506805850
1548900586
1587425237
1591695880
1593003820
1634646069
1645794892
1647309798
1677078940
1690962290
1700642636
1736035686
1740752013
1743706361
1756878767
1781488379
1798145143
1809571198
1814651558
1827269393
1845099688
1881612325
1897410731
1902124146
1940446813
2002238269
2003143841
2008748463
2020523013
2043074209
2060585373
2066551347
2084630496
2089136544
2101702634
2117658042
21424032876544774
14103278
15954282
17058829
31607207
37057830
54305978
57772791
74752280
80076200
97092935
97135029
142061704
171887310
203018170
215804816
219927539
267996449
289916445
323746212
349188803
379108894
476116375
487923988
493579187
506718624
529882629
599036433
601339807
632947015
701364407
728900286
743211027
763229410
790446010
796990784
832264525
1003333527
1005117094
1012611091
1084265828
1086960422
1092162249
1098369106
1098712407
1114666689
1140584225
1173973761
1199608283
1206153057
1236790215
1252744497
1273848045
1290619860
1300813408
1359220966
1371620420
1377013276
1433604332
1464330437
1483015798
1488727466
1495910884
1506805850
1548900586
1587425237
1591695880
1593003820
1634646069
1645794892
1647309798
1677078940
1690962290
1700642636
1736035686
1740752013
1743706361
1756878767
1781488379
1798145143
1809571198
1814651558
1827269393
1845099688
1881612325
1897410731
1902124146
1940446813
2002238269
2003143841
2008748463
2020523013
2043074209
2060585373
2066551347
2084630496
2089136544
2101702634
2117658042
21424032876544774
14103278
15954282
17058829
31607207
37057830
54305978
57772791
74752280
80076200
97092935
97135029
142061704
171887310
203018170
215804816
219927539
267996449
289916445
323746212
349188803
379108894
476116375
487923988
493579187
506718624
529882629
599036433
601339807
632947015
701364407
728900286
743211027
763229410
790446010
796990784
832264525
1003333527
1005117094
1012611091
1084265828
1086960422
1092162249
1098369106
1098712407
1114666689
1140584225
1173973761
1199608283
1206153057
1236790215
1252744497
1273848045
1290619860
1300813408
1359220966
1371620420
1377013276
1433604332
1464330437
1483015798
1488727466
1495910884
1506805850
1548900586
1587425237
1591695880
1593003820
1634646069
1645794892
1647309798
1677078940
1690962290
1700642636
1736035686
1740752013
1743706361
1756878767
1781488379
1798145143
1809571198
1814651558
1827269393
1845099688
1881612325
1897410731
1902124146
1940446813
2002238269
2003143841
2008748463
2020523013
2043074209
2060585373
2066551347
2084630496
2089136544
2101702634
2117658042
21424032876544774
14103278
15954282
17058829
31607207
37057830
54305978
57772791
74752280
80076200
97092935
97135029
142061704
171887310
203018170
215804816
219927539
267996449
289916445
323746212
349188803
379108894
476116375
487923988
493579187
506718624
529882629
599036433
601339807
632947015
701364407
728900286
743211027
763229410
790446010
796990784
832264525
1003333527
1005117094
1012611091
1084265828
1086960422
1092162249
1098369106
1098712407
1114666689
1140584225
1173973761
1199608283
1206153057
1236790215
1252744497
1273848045
1290619860
1300813408
1359220966
1371620420
1377013276
1433604332
1464330437
1483015798
1488727466
1495910884
1506805850
1548900586
1587425237
1591695880
1593003820
1634646069
1645794892
1647309798
1677078940
1690962290
1700642636
1736035686
1740752013
1743706361
1756878767
1781488379
1798145143
1809571198
1814651558
1827269393
1845099688
1881612325
1897410731
1902124146
1940446813
2002238269
2003143841
2008748463
2020523013
2043074209
2060585373
2066551347
2084630496
2089136544
2101702634
2117658042
2142403287