4575228
42196413
90426536
91042311
101465918
103061776
114610982
132622949
141607291
146901535
149731527
160267346
166659777
168627090
185394630
210528159
220095872
233332156
240229060
244634654
257086313
269867331
271688867
300008761
327001921
333106511
346100572
364376826
381981157
387284393
389709262
414857602
424148822
443860316
483737677
490503077
496305857
521340549
606441025
693942781
732352222
733237747
734446764
797917536
867753185
871666695
895709205
941970755
965022513
965139026
1006395948
1007218926
1017646406
1070039214
1074614442
1112040561
1117140207
1117203077
1122642811
1131710736
1139841875
1158896992
1177913752
1180074968
1196602469
1218184441
1219770741
1228815716
1317105367
1359937747
1360360593
1518193202
1532120396
1546181385
1587494050
1593587578
1607706154
1613574919
1644107288
1652964538
1661651429
1684653106
1692387742
1698131466
1723408198
1743120406
1786410445
1808633609
1818234314
1867508730
1874149133
1892851933
1893193598
1904748978
1907109781
1919812729
1950897121
1968042852
1977260699
20374478944575228
42196413
90426536
91042311
101465918
103061776
114610982
132622949
141607291
146901535
149731527
160267346
166659777
168627090
185394630
210528159
220095872
233332156
240229060
244634654
257086313
269867331
271688867
300008761
327001921
333106511
346100572
364376826
381981157
387284393
389709262
414857602
424148822
443860316
483737677
490503077
496305857
521340549
606441025
693942781
732352222
733237747
734446764
797917536
867753185
871666695
895709205
941970755
965022513
965139026
1006395948
1007218926
1017646406
1070039214
1074614442
1112040561
1117140207
1117203077
1122642811
1131710736
1139841875
1158896992
1177913752
1180074968
1196602469
1218184441
1219770741
1228815716
1317105367
1359937747
1360360593
1518193202
1532120396
1546181385
1587494050
1593587578
1607706154
1613574919
1644107288
1652964538
1661651429
1684653106
1692387742
1698131466
1723408198
1743120406
1786410445
1808633609
1818234314
1867508730
1874149133
1892851933
1893193598
1904748978
1907109781
1919812729
1950897121
1968042852
1977260699
20374478944575228
42196413
90426536
91042311
101465918
103061776
114610982
132622949
141607291
146901535
149731527
160267346
166659777
168627090
185394630
210528159
220095872
233332156
240229060
244634654
257086313
269867331
271688867
300008761
327001921
333106511
346100572
364376826
381981157
387284393
389709262
414857602
424148822
443860316
483737677
490503077
496305857
521340549
606441025
693942781
732352222
733237747
734446764
797917536
867753185
871666695
895709205
941970755
965022513
965139026
1006395948
1007218926
1017646406
1070039214
1074614442
1112040561
1117140207
1117203077
1122642811
1131710736
1139841875
1158896992
1177913752
1180074968
1196602469
1218184441
1219770741
1228815716
1317105367
1359937747
1360360593
1518193202
1532120396
1546181385
1587494050
1593587578
1607706154
1613574919
1644107288
1652964538
1661651429
1684653106
1692387742
1698131466
1723408198
1743120406
1786410445
1808633609
1818234314
1867508730
1874149133
1892851933
1893193598
1904748978
1907109781
1919812729
1950897121
1968042852
1977260699
20374478944575228
42196413
90426536
91042311
101465918
103061776
114610982
132622949
141607291
146901535
149731527
160267346
166659777
168627090
185394630
210528159
220095872
233332156
240229060
244634654
257086313
269867331
271688867
300008761
327001921
333106511
346100572
364376826
381981157
387284393
389709262
414857602
424148822
443860316
483737677
490503077
496305857
521340549
606441025
693942781
732352222
733237747
734446764
797917536
867753185
871666695
895709205
941970755
965022513
965139026
1006395948
1007218926
1017646406
1070039214
1074614442
1112040561
1117140207
1117203077
1122642811
1131710736
1139841875
1158896992
1177913752
1180074968
1196602469
1218184441
1219770741
1228815716
1317105367
1359937747
1360360593
1518193202
1532120396
1546181385
1587494050
1593587578
1607706154
1613574919
1644107288
1652964538
1661651429
1684653106
1692387742
1698131466
1723408198
1743120406
1786410445
1808633609
1818234314
1867508730
1874149133
1892851933
1893193598
1904748978
1907109781
1919812729
1950897121
1968042852
1977260699
20374478944575228
42196413
90426536
91042311
101465918
103061776
114610982
132622949
141607291
146901535
149731527
160267346
166659777
168627090
185394630
210528159
220095872
233332156
240229060
244634654
257086313
269867331
271688867
300008761
327001921
333106511
346100572
364376826
381981157
387284393
389709262
414857602
424148822
443860316
483737677
490503077
496305857
521340549
606441025
693942781
732352222
733237747
734446764
797917536
867753185
871666695
895709205
941970755
965022513
965139026
1006395948
1007218926
1017646406
1070039214
1074614442
1112040561
1117140207
1117203077
1122642811
1131710736
1139841875
1158896992
1177913752
1180074968
1196602469
1218184441
1219770741
1228815716
1317105367
1359937747
1360360593
1518193202
1532120396
1546181385
1587494050
1593587578
1607706154
1613574919
1644107288
1652964538
1661651429
1684653106
1692387742
1698131466
1723408198
1743120406
1786410445
1808633609
1818234314
1867508730
1874149133
1892851933
1893193598
1904748978
1907109781
1919812729
1950897121
1968042852
1977260699
20374478944575228
42196413
90426536
91042311
101465918
103061776
114610982
132622949
141607291
146901535
149731527
160267346
166659777
168627090
185394630
210528159
220095872
233332156
240229060
244634654
257086313
269867331
271688867
300008761
327001921
333106511
346100572
364376826
381981157
387284393
389709262
414857602
424148822
443860316
483737677
490503077
496305857
521340549
606441025
693942781
732352222
733237747
734446764
797917536
867753185
871666695
895709205
941970755
965022513
965139026
1006395948
1007218926
1017646406
1070039214
1074614442
1112040561
1117140207
1117203077
1122642811
1131710736
1139841875
1158896992
1177913752
1180074968
1196602469
1218184441
1219770741
1228815716
1317105367
1359937747
1360360593
1518193202
1532120396
1546181385
1587494050
1593587578
1607706154
1613574919
1644107288
1652964538
1661651429
1684653106
1692387742
1698131466
1723408198
1743120406
1786410445
1808633609
1818234314
1867508730
1874149133
1892851933
1893193598
1904748978
1907109781
1919812729
1950897121
1968042852
1977260699
20374478944575228
42196413
90426536
91042311
101465918
103061776
114610982
132622949
141607291
146901535
149731527
160267346
166659777
168627090
185394630
210528159
220095872
233332156
240229060
244634654
257086313
269867331
271688867
300008761
327001921
333106511
346100572
364376826
381981157
387284393
389709262
414857602
424148822
443860316
483737677
490503077
496305857
521340549
606441025
693942781
732352222
733237747
734446764
797917536
867753185
871666695
895709205
941970755
965022513
965139026
1006395948
1007218926
1017646406
1070039214
1074614442
1112040561
1117140207
1117203077
1122642811
1131710736
1139841875
1158896992
1177913752
1180074968
1196602469
1218184441
1219770741
1228815716
1317105367
1359937747
1360360593
1518193202
1532120396
1546181385
1587494050
1593587578
1607706154
1613574919
1644107288
1652964538
1661651429
1684653106
1692387742
1698131466
1723408198
1743120406
1786410445
1808633609
1818234314
1867508730
1874149133
1892851933
1893193598
1904748978
1907109781
1919812729
1950897121
1968042852
1977260699
20374478944575228
42196413
90426536
91042311
101465918
103061776
114610982
132622949
141607291
146901535
149731527
160267346
166659777
168627090
185394630
210528159
220095872
233332156
240229060
244634654
257086313
269867331
271688867
300008761
327001921
333106511
346100572
364376826
381981157
387284393
389709262
414857602
424148822
443860316
483737677
490503077
496305857
521340549
606441025
693942781
732352222
733237747
734446764
797917536
867753185
871666695
895709205
941970755
965022513
965139026
1006395948
1007218926
1017646406
1070039214
1074614442
1112040561
1117140207
1117203077
1122642811
1131710736
1139841875
1158896992
1177913752
1180074968
1196602469
1218184441
1219770741
1228815716
1317105367
1359937747
1360360593
1518193202
1532120396
1546181385
1587494050
1593587578
1607706154
1613574919
1644107288
1652964538
1661651429
1684653106
1692387742
1698131466
1723408198
1743120406
1786410445
1808633609
1818234314
1867508730
1874149133
1892851933
1893193598
1904748978
1907109781
1919812729
1950897121
1968042852
1977260699
20374478944575228
42196413
90426536
91042311
101465918
103061776
114610982
132622949
141607291
146901535
149731527
160267346
166659777
168627090
185394630
210528159
220095872
233332156
240229060
244634654
257086313
269867331
271688867
300008761
327001921
333106511
346100572
364376826
381981157
387284393
389709262
414857602
424148822
443860316
483737677
490503077
496305857
521340549
606441025
693942781
732352222
733237747
734446764
797917536
867753185
871666695
895709205
941970755
965022513
965139026
1006395948
1007218926
1017646406
1070039214
1074614442
1112040561
1117140207
1117203077
1122642811
1131710736
1139841875
1158896992
1177913752
1180074968
1196602469
1218184441
1219770741
1228815716
1317105367
1359937747
1360360593
1518193202
1532120396
1546181385
1587494050
1593587578
1607706154
1613574919
1644107288
1652964538
1661651429
1684653106
1692387742
1698131466
1723408198
1743120406
1786410445
1808633609
1818234314
1867508730
1874149133
1892851933
1893193598
1904748978
1907109781
1919812729
1950897121
1968042852
1977260699
20374478944575228
42196413
90426536
91042311
101465918
103061776
114610982
132622949
141607291
146901535
149731527
160267346
166659777
168627090
185394630
210528159
220095872
233332156
240229060
244634654
257086313
269867331
271688867
300008761
327001921
333106511
346100572
364376826
381981157
387284393
389709262
414857602
424148822
443860316
483737677
490503077
496305857
521340549
606441025
693942781
732352222
733237747
734446764
797917536
867753185
871666695
895709205
941970755
965022513
965139026
1006395948
1007218926
1017646406
1070039214
1074614442
1112040561
1117140207
1117203077
1122642811
1131710736
1139841875
1158896992
1177913752
1180074968
1196602469
1218184441
1219770741
1228815716
1317105367
1359937747
1360360593
1518193202
1532120396
1546181385
1587494050
1593587578
1607706154
1613574919
1644107288
1652964538
1661651429
1684653106
1692387742
1698131466
1723408198
1743120406
1786410445
1808633609
1818234314
1867508730
1874149133
1892851933
1893193598
1904748978
1907109781
1919812729
1950897121
1968042852
1977260699
20374478944575228
42196413
90426536
91042311
101465918
103061776
114610982
132622949
141607291
146901535
149731527
160267346
166659777
168627090
185394630
210528159
220095872
233332156
240229060
244634654
257086313
269867331
271688867
300008761
327001921
333106511
346100572
364376826
381981157
387284393
389709262
414857602
424148822
443860316
483737677
490503077
496305857
521340549
606441025
693942781
732352222
733237747
734446764
797917536
867753185
871666695
895709205
941970755
965022513
965139026
1006395948
1007218926
1017646406
1070039214
1074614442
1112040561
1117140207
1117203077
1122642811
1131710736
1139841875
1158896992
1177913752
1180074968
1196602469
1218184441
1219770741
1228815716
1317105367
1359937747
1360360593
1518193202
1532120396
1546181385
1587494050
1593587578
1607706154
1613574919
1644107288
1652964538
1661651429
1684653106
1692387742
1698131466
1723408198
1743120406
1786410445
1808633609
1818234314
1867508730
1874149133
1892851933
1893193598
1904748978
1907109781
1919812729
1950897121
1968042852
1977260699
2037447894