85873830
124096606
150176999
151086431
166181493
174526464
206338660
263187787
273829368
289268179
291780596
293603721
324292512
363403070
373715616
390891581
395338080
397442506
420712921
444690152
461084812
487656626
497908775
512807297
513307074
554842954
554964062
566420730
611261811
625980199
689223102
726309784
735358418
753707641
785788275
811851385
846948347
862444885
865480493
871775776
889327399
932346778
937409518
942821344
957817741
964894193
974985511
978032878
992382703
994989309
1010716072
1034737647
1117269062
1134270983
1156937200
1182585619
1192693432
1196068289
1213910566
1225869948
1242811030
1268355493
1308550596
1328297263
1350128296
1360255421
1377667920
1383304812
1385607114
1432180153
1455748129
1467912257
1521146693
1526519738
1530652817
1532875833
1549936844
1581667113
1588317044
1600965711
1630169931
1651203933
1674250917
1713045645
1727944166
1733971038
1743606016
1747528725
1797207401
1840477763
1879658129
1890475217
2027078861
2046216559
2076438080
2085686342
2109907654
2114307131
2119995137
212140325585873830
124096606
150176999
151086431
166181493
174526464
206338660
263187787
273829368
289268179
291780596
293603721
324292512
363403070
373715616
390891581
395338080
397442506
420712921
444690152
461084812
487656626
497908775
512807297
513307074
554842954
554964062
566420730
611261811
625980199
689223102
726309784
735358418
753707641
785788275
811851385
846948347
862444885
865480493
871775776
889327399
932346778
937409518
942821344
957817741
964894193
974985511
978032878
992382703
994989309
1010716072
1034737647
1117269062
1134270983
1156937200
1182585619
1192693432
1196068289
1213910566
1225869948
1242811030
1268355493
1308550596
1328297263
1350128296
1360255421
1377667920
1383304812
1385607114
1432180153
1455748129
1467912257
1521146693
1526519738
1530652817
1532875833
1549936844
1581667113
1588317044
1600965711
1630169931
1651203933
1674250917
1713045645
1727944166
1733971038
1743606016
1747528725
1797207401
1840477763
1879658129
1890475217
2027078861
2046216559
2076438080
2085686342
2109907654
2114307131
2119995137
212140325585873830
124096606
150176999
151086431
166181493
174526464
206338660
263187787
273829368
289268179
291780596
293603721
324292512
363403070
373715616
390891581
395338080
397442506
420712921
444690152
461084812
487656626
497908775
512807297
513307074
554842954
554964062
566420730
611261811
625980199
689223102
726309784
735358418
753707641
785788275
811851385
846948347
862444885
865480493
871775776
889327399
932346778
937409518
942821344
957817741
964894193
974985511
978032878
992382703
994989309
1010716072
1034737647
1117269062
1134270983
1156937200
1182585619
1192693432
1196068289
1213910566
1225869948
1242811030
1268355493
1308550596
1328297263
1350128296
1360255421
1377667920
1383304812
1385607114
1432180153
1455748129
1467912257
1521146693
1526519738
1530652817
1532875833
1549936844
1581667113
1588317044
1600965711
1630169931
1651203933
1674250917
1713045645
1727944166
1733971038
1743606016
1747528725
1797207401
1840477763
1879658129
1890475217
2027078861
2046216559
2076438080
2085686342
2109907654
2114307131
2119995137
212140325585873830
124096606
150176999
151086431
166181493
174526464
206338660
263187787
273829368
289268179
291780596
293603721
324292512
363403070
373715616
390891581
395338080
397442506
420712921
444690152
461084812
487656626
497908775
512807297
513307074
554842954
554964062
566420730
611261811
625980199
689223102
726309784
735358418
753707641
785788275
811851385
846948347
862444885
865480493
871775776
889327399
932346778
937409518
942821344
957817741
964894193
974985511
978032878
992382703
994989309
1010716072
1034737647
1117269062
1134270983
1156937200
1182585619
1192693432
1196068289
1213910566
1225869948
1242811030
1268355493
1308550596
1328297263
1350128296
1360255421
1377667920
1383304812
1385607114
1432180153
1455748129
1467912257
1521146693
1526519738
1530652817
1532875833
1549936844
1581667113
1588317044
1600965711
1630169931
1651203933
1674250917
1713045645
1727944166
1733971038
1743606016
1747528725
1797207401
1840477763
1879658129
1890475217
2027078861
2046216559
2076438080
2085686342
2109907654
2114307131
2119995137
212140325585873830
124096606
150176999
151086431
166181493
174526464
206338660
263187787
273829368
289268179
291780596
293603721
324292512
363403070
373715616
390891581
395338080
397442506
420712921
444690152
461084812
487656626
497908775
512807297
513307074
554842954
554964062
566420730
611261811
625980199
689223102
726309784
735358418
753707641
785788275
811851385
846948347
862444885
865480493
871775776
889327399
932346778
937409518
942821344
957817741
964894193
974985511
978032878
992382703
994989309
1010716072
1034737647
1117269062
1134270983
1156937200
1182585619
1192693432
1196068289
1213910566
1225869948
1242811030
1268355493
1308550596
1328297263
1350128296
1360255421
1377667920
1383304812
1385607114
1432180153
1455748129
1467912257
1521146693
1526519738
1530652817
1532875833
1549936844
1581667113
1588317044
1600965711
1630169931
1651203933
1674250917
1713045645
1727944166
1733971038
1743606016
1747528725
1797207401
1840477763
1879658129
1890475217
2027078861
2046216559
2076438080
2085686342
2109907654
2114307131
2119995137
212140325585873830
124096606
150176999
151086431
166181493
174526464
206338660
263187787
273829368
289268179
291780596
293603721
324292512
363403070
373715616
390891581
395338080
397442506
420712921
444690152
461084812
487656626
497908775
512807297
513307074
554842954
554964062
566420730
611261811
625980199
689223102
726309784
735358418
753707641
785788275
811851385
846948347
862444885
865480493
871775776
889327399
932346778
937409518
942821344
957817741
964894193
974985511
978032878
992382703
994989309
1010716072
1034737647
1117269062
1134270983
1156937200
1182585619
1192693432
1196068289
1213910566
1225869948
1242811030
1268355493
1308550596
1328297263
1350128296
1360255421
1377667920
1383304812
1385607114
1432180153
1455748129
1467912257
1521146693
1526519738
1530652817
1532875833
1549936844
1581667113
1588317044
1600965711
1630169931
1651203933
1674250917
1713045645
1727944166
1733971038
1743606016
1747528725
1797207401
1840477763
1879658129
1890475217
2027078861
2046216559
2076438080
2085686342
2109907654
2114307131
2119995137
212140325585873830
124096606
150176999
151086431
166181493
174526464
206338660
263187787
273829368
289268179
291780596
293603721
324292512
363403070
373715616
390891581
395338080
397442506
420712921
444690152
461084812
487656626
497908775
512807297
513307074
554842954
554964062
566420730
611261811
625980199
689223102
726309784
735358418
753707641
785788275
811851385
846948347
862444885
865480493
871775776
889327399
932346778
937409518
942821344
957817741
964894193
974985511
978032878
992382703
994989309
1010716072
1034737647
1117269062
1134270983
1156937200
1182585619
1192693432
1196068289
1213910566
1225869948
1242811030
1268355493
1308550596
1328297263
1350128296
1360255421
1377667920
1383304812
1385607114
1432180153
1455748129
1467912257
1521146693
1526519738
1530652817
1532875833
1549936844
1581667113
1588317044
1600965711
1630169931
1651203933
1674250917
1713045645
1727944166
1733971038
1743606016
1747528725
1797207401
1840477763
1879658129
1890475217
2027078861
2046216559
2076438080
2085686342
2109907654
2114307131
2119995137
212140325585873830
124096606
150176999
151086431
166181493
174526464
206338660
263187787
273829368
289268179
291780596
293603721
324292512
363403070
373715616
390891581
395338080
397442506
420712921
444690152
461084812
487656626
497908775
512807297
513307074
554842954
554964062
566420730
611261811
625980199
689223102
726309784
735358418
753707641
785788275
811851385
846948347
862444885
865480493
871775776
889327399
932346778
937409518
942821344
957817741
964894193
974985511
978032878
992382703
994989309
1010716072
1034737647
1117269062
1134270983
1156937200
1182585619
1192693432
1196068289
1213910566
1225869948
1242811030
1268355493
1308550596
1328297263
1350128296
1360255421
1377667920
1383304812
1385607114
1432180153
1455748129
1467912257
1521146693
1526519738
1530652817
1532875833
1549936844
1581667113
1588317044
1600965711
1630169931
1651203933
1674250917
1713045645
1727944166
1733971038
1743606016
1747528725
1797207401
1840477763
1879658129
1890475217
2027078861
2046216559
2076438080
2085686342
2109907654
2114307131
2119995137
212140325585873830
124096606
150176999
151086431
166181493
174526464
206338660
263187787
273829368
289268179
291780596
293603721
324292512
363403070
373715616
390891581
395338080
397442506
420712921
444690152
461084812
487656626
497908775
512807297
513307074
554842954
554964062
566420730
611261811
625980199
689223102
726309784
735358418
753707641
785788275
811851385
846948347
862444885
865480493
871775776
889327399
932346778
937409518
942821344
957817741
964894193
974985511
978032878
992382703
994989309
1010716072
1034737647
1117269062
1134270983
1156937200
1182585619
1192693432
1196068289
1213910566
1225869948
1242811030
1268355493
1308550596
1328297263
1350128296
1360255421
1377667920
1383304812
1385607114
1432180153
1455748129
1467912257
1521146693
1526519738
1530652817
1532875833
1549936844
1581667113
1588317044
1600965711
1630169931
1651203933
1674250917
1713045645
1727944166
1733971038
1743606016
1747528725
1797207401
1840477763
1879658129
1890475217
2027078861
2046216559
2076438080
2085686342
2109907654
2114307131
2119995137
212140325585873830
124096606
150176999
151086431
166181493
174526464
206338660
263187787
273829368
289268179
291780596
293603721
324292512
363403070
373715616
390891581
395338080
397442506
420712921
444690152
461084812
487656626
497908775
512807297
513307074
554842954
554964062
566420730
611261811
625980199
689223102
726309784
735358418
753707641
785788275
811851385
846948347
862444885
865480493
871775776
889327399
932346778
937409518
942821344
957817741
964894193
974985511
978032878
992382703
994989309
1010716072
1034737647
1117269062
1134270983
1156937200
1182585619
1192693432
1196068289
1213910566
1225869948
1242811030
1268355493
1308550596
1328297263
1350128296
1360255421
1377667920
1383304812
1385607114
1432180153
1455748129
1467912257
1521146693
1526519738
1530652817
1532875833
1549936844
1581667113
1588317044
1600965711
1630169931
1651203933
1674250917
1713045645
1727944166
1733971038
1743606016
1747528725
1797207401
1840477763
1879658129
1890475217
2027078861
2046216559
2076438080
2085686342
2109907654
2114307131
2119995137
212140325585873830
124096606
150176999
151086431
166181493
174526464
206338660
263187787
273829368
289268179
291780596
293603721
324292512
363403070
373715616
390891581
395338080
397442506
420712921
444690152
461084812
487656626
497908775
512807297
513307074
554842954
554964062
566420730
611261811
625980199
689223102
726309784
735358418
753707641
785788275
811851385
846948347
862444885
865480493
871775776
889327399
932346778
937409518
942821344
957817741
964894193
974985511
978032878
992382703
994989309
1010716072
1034737647
1117269062
1134270983
1156937200
1182585619
1192693432
1196068289
1213910566
1225869948
1242811030
1268355493
1308550596
1328297263
1350128296
1360255421
1377667920
1383304812
1385607114
1432180153
1455748129
1467912257
1521146693
1526519738
1530652817
1532875833
1549936844
1581667113
1588317044
1600965711
1630169931
1651203933
1674250917
1713045645
1727944166
1733971038
1743606016
1747528725
1797207401
1840477763
1879658129
1890475217
2027078861
2046216559
2076438080
2085686342
2109907654
2114307131
2119995137
2121403255