19623634
36498491
52149450
67917427
83401632
104080935
116382154
183400026
197754236
199783786
222744965
225689880
236985628
277695015
293424082
352295097
356038929
438685677
455552742
457626689
490835127
522229260
558727751
581699416
598838145
620017038
722817847
735262174
742005237
742127777
751256497
836899548
848418209
857002667
861377951
877602257
897959775
906906069
916335636
942605972
965609713
967658349
969337851
976812856
977684699
988251423
990181487
1013273986
1019807799
1028951512
1032897620
1037587094
1062589428
1072399627
1098166706
1104792469
1109367697
1168295852
1201276374
1213656505
1221948398
1260332060
1269302087
1292318685
1295440587
1317737440
1319430821
1340275907
1344088494
1372102896
1373962326
1393415757
1408700839
1422565565
1445554413
1510642926
1529551137
1554151259
1560345211
1608484625
1612854903
1716467508
1746399739
1791654985
1795355921
1826340518
1840565747
1859208314
1889319126
1944794825
1958314762
1987177827
2004564261
2009704001
2037568365
2044682839
2057191999
2088780003
2095344992
210875026919623634
36498491
52149450
67917427
83401632
104080935
116382154
183400026
197754236
199783786
222744965
225689880
236985628
277695015
293424082
352295097
356038929
438685677
455552742
457626689
490835127
522229260
558727751
581699416
598838145
620017038
722817847
735262174
742005237
742127777
751256497
836899548
848418209
857002667
861377951
877602257
897959775
906906069
916335636
942605972
965609713
967658349
969337851
976812856
977684699
988251423
990181487
1013273986
1019807799
1028951512
1032897620
1037587094
1062589428
1072399627
1098166706
1104792469
1109367697
1168295852
1201276374
1213656505
1221948398
1260332060
1269302087
1292318685
1295440587
1317737440
1319430821
1340275907
1344088494
1372102896
1373962326
1393415757
1408700839
1422565565
1445554413
1510642926
1529551137
1554151259
1560345211
1608484625
1612854903
1716467508
1746399739
1791654985
1795355921
1826340518
1840565747
1859208314
1889319126
1944794825
1958314762
1987177827
2004564261
2009704001
2037568365
2044682839
2057191999
2088780003
2095344992
210875026919623634
36498491
52149450
67917427
83401632
104080935
116382154
183400026
197754236
199783786
222744965
225689880
236985628
277695015
293424082
352295097
356038929
438685677
455552742
457626689
490835127
522229260
558727751
581699416
598838145
620017038
722817847
735262174
742005237
742127777
751256497
836899548
848418209
857002667
861377951
877602257
897959775
906906069
916335636
942605972
965609713
967658349
969337851
976812856
977684699
988251423
990181487
1013273986
1019807799
1028951512
1032897620
1037587094
1062589428
1072399627
1098166706
1104792469
1109367697
1168295852
1201276374
1213656505
1221948398
1260332060
1269302087
1292318685
1295440587
1317737440
1319430821
1340275907
1344088494
1372102896
1373962326
1393415757
1408700839
1422565565
1445554413
1510642926
1529551137
1554151259
1560345211
1608484625
1612854903
1716467508
1746399739
1791654985
1795355921
1826340518
1840565747
1859208314
1889319126
1944794825
1958314762
1987177827
2004564261
2009704001
2037568365
2044682839
2057191999
2088780003
2095344992
210875026919623634
36498491
52149450
67917427
83401632
104080935
116382154
183400026
197754236
199783786
222744965
225689880
236985628
277695015
293424082
352295097
356038929
438685677
455552742
457626689
490835127
522229260
558727751
581699416
598838145
620017038
722817847
735262174
742005237
742127777
751256497
836899548
848418209
857002667
861377951
877602257
897959775
906906069
916335636
942605972
965609713
967658349
969337851
976812856
977684699
988251423
990181487
1013273986
1019807799
1028951512
1032897620
1037587094
1062589428
1072399627
1098166706
1104792469
1109367697
1168295852
1201276374
1213656505
1221948398
1260332060
1269302087
1292318685
1295440587
1317737440
1319430821
1340275907
1344088494
1372102896
1373962326
1393415757
1408700839
1422565565
1445554413
1510642926
1529551137
1554151259
1560345211
1608484625
1612854903
1716467508
1746399739
1791654985
1795355921
1826340518
1840565747
1859208314
1889319126
1944794825
1958314762
1987177827
2004564261
2009704001
2037568365
2044682839
2057191999
2088780003
2095344992
210875026919623634
36498491
52149450
67917427
83401632
104080935
116382154
183400026
197754236
199783786
222744965
225689880
236985628
277695015
293424082
352295097
356038929
438685677
455552742
457626689
490835127
522229260
558727751
581699416
598838145
620017038
722817847
735262174
742005237
742127777
751256497
836899548
848418209
857002667
861377951
877602257
897959775
906906069
916335636
942605972
965609713
967658349
969337851
976812856
977684699
988251423
990181487
1013273986
1019807799
1028951512
1032897620
1037587094
1062589428
1072399627
1098166706
1104792469
1109367697
1168295852
1201276374
1213656505
1221948398
1260332060
1269302087
1292318685
1295440587
1317737440
1319430821
1340275907
1344088494
1372102896
1373962326
1393415757
1408700839
1422565565
1445554413
1510642926
1529551137
1554151259
1560345211
1608484625
1612854903
1716467508
1746399739
1791654985
1795355921
1826340518
1840565747
1859208314
1889319126
1944794825
1958314762
1987177827
2004564261
2009704001
2037568365
2044682839
2057191999
2088780003
2095344992
210875026919623634
36498491
52149450
67917427
83401632
104080935
116382154
183400026
197754236
199783786
222744965
225689880
236985628
277695015
293424082
352295097
356038929
438685677
455552742
457626689
490835127
522229260
558727751
581699416
598838145
620017038
722817847
735262174
742005237
742127777
751256497
836899548
848418209
857002667
861377951
877602257
897959775
906906069
916335636
942605972
965609713
967658349
969337851
976812856
977684699
988251423
990181487
1013273986
1019807799
1028951512
1032897620
1037587094
1062589428
1072399627
1098166706
1104792469
1109367697
1168295852
1201276374
1213656505
1221948398
1260332060
1269302087
1292318685
1295440587
1317737440
1319430821
1340275907
1344088494
1372102896
1373962326
1393415757
1408700839
1422565565
1445554413
1510642926
1529551137
1554151259
1560345211
1608484625
1612854903
1716467508
1746399739
1791654985
1795355921
1826340518
1840565747
1859208314
1889319126
1944794825
1958314762
1987177827
2004564261
2009704001
2037568365
2044682839
2057191999
2088780003
2095344992
210875026919623634
36498491
52149450
67917427
83401632
104080935
116382154
183400026
197754236
199783786
222744965
225689880
236985628
277695015
293424082
352295097
356038929
438685677
455552742
457626689
490835127
522229260
558727751
581699416
598838145
620017038
722817847
735262174
742005237
742127777
751256497
836899548
848418209
857002667
861377951
877602257
897959775
906906069
916335636
942605972
965609713
967658349
969337851
976812856
977684699
988251423
990181487
1013273986
1019807799
1028951512
1032897620
1037587094
1062589428
1072399627
1098166706
1104792469
1109367697
1168295852
1201276374
1213656505
1221948398
1260332060
1269302087
1292318685
1295440587
1317737440
1319430821
1340275907
1344088494
1372102896
1373962326
1393415757
1408700839
1422565565
1445554413
1510642926
1529551137
1554151259
1560345211
1608484625
1612854903
1716467508
1746399739
1791654985
1795355921
1826340518
1840565747
1859208314
1889319126
1944794825
1958314762
1987177827
2004564261
2009704001
2037568365
2044682839
2057191999
2088780003
2095344992
210875026919623634
36498491
52149450
67917427
83401632
104080935
116382154
183400026
197754236
199783786
222744965
225689880
236985628
277695015
293424082
352295097
356038929
438685677
455552742
457626689
490835127
522229260
558727751
581699416
598838145
620017038
722817847
735262174
742005237
742127777
751256497
836899548
848418209
857002667
861377951
877602257
897959775
906906069
916335636
942605972
965609713
967658349
969337851
976812856
977684699
988251423
990181487
1013273986
1019807799
1028951512
1032897620
1037587094
1062589428
1072399627
1098166706
1104792469
1109367697
1168295852
1201276374
1213656505
1221948398
1260332060
1269302087
1292318685
1295440587
1317737440
1319430821
1340275907
1344088494
1372102896
1373962326
1393415757
1408700839
1422565565
1445554413
1510642926
1529551137
1554151259
1560345211
1608484625
1612854903
1716467508
1746399739
1791654985
1795355921
1826340518
1840565747
1859208314
1889319126
1944794825
1958314762
1987177827
2004564261
2009704001
2037568365
2044682839
2057191999
2088780003
2095344992
210875026919623634
36498491
52149450
67917427
83401632
104080935
116382154
183400026
197754236
199783786
222744965
225689880
236985628
277695015
293424082
352295097
356038929
438685677
455552742
457626689
490835127
522229260
558727751
581699416
598838145
620017038
722817847
735262174
742005237
742127777
751256497
836899548
848418209
857002667
861377951
877602257
897959775
906906069
916335636
942605972
965609713
967658349
969337851
976812856
977684699
988251423
990181487
1013273986
1019807799
1028951512
1032897620
1037587094
1062589428
1072399627
1098166706
1104792469
1109367697
1168295852
1201276374
1213656505
1221948398
1260332060
1269302087
1292318685
1295440587
1317737440
1319430821
1340275907
1344088494
1372102896
1373962326
1393415757
1408700839
1422565565
1445554413
1510642926
1529551137
1554151259
1560345211
1608484625
1612854903
1716467508
1746399739
1791654985
1795355921
1826340518
1840565747
1859208314
1889319126
1944794825
1958314762
1987177827
2004564261
2009704001
2037568365
2044682839
2057191999
2088780003
2095344992
210875026919623634
36498491
52149450
67917427
83401632
104080935
116382154
183400026
197754236
199783786
222744965
225689880
236985628
277695015
293424082
352295097
356038929
438685677
455552742
457626689
490835127
522229260
558727751
581699416
598838145
620017038
722817847
735262174
742005237
742127777
751256497
836899548
848418209
857002667
861377951
877602257
897959775
906906069
916335636
942605972
965609713
967658349
969337851
976812856
977684699
988251423
990181487
1013273986
1019807799
1028951512
1032897620
1037587094
1062589428
1072399627
1098166706
1104792469
1109367697
1168295852
1201276374
1213656505
1221948398
1260332060
1269302087
1292318685
1295440587
1317737440
1319430821
1340275907
1344088494
1372102896
1373962326
1393415757
1408700839
1422565565
1445554413
1510642926
1529551137
1554151259
1560345211
1608484625
1612854903
1716467508
1746399739
1791654985
1795355921
1826340518
1840565747
1859208314
1889319126
1944794825
1958314762
1987177827
2004564261
2009704001
2037568365
2044682839
2057191999
2088780003
2095344992
210875026919623634
36498491
52149450
67917427
83401632
104080935
116382154
183400026
197754236
199783786
222744965
225689880
236985628
277695015
293424082
352295097
356038929
438685677
455552742
457626689
490835127
522229260
558727751
581699416
598838145
620017038
722817847
735262174
742005237
742127777
751256497
836899548
848418209
857002667
861377951
877602257
897959775
906906069
916335636
942605972
965609713
967658349
969337851
976812856
977684699
988251423
990181487
1013273986
1019807799
1028951512
1032897620
1037587094
1062589428
1072399627
1098166706
1104792469
1109367697
1168295852
1201276374
1213656505
1221948398
1260332060
1269302087
1292318685
1295440587
1317737440
1319430821
1340275907
1344088494
1372102896
1373962326
1393415757
1408700839
1422565565
1445554413
1510642926
1529551137
1554151259
1560345211
1608484625
1612854903
1716467508
1746399739
1791654985
1795355921
1826340518
1840565747
1859208314
1889319126
1944794825
1958314762
1987177827
2004564261
2009704001
2037568365
2044682839
2057191999
2088780003
2095344992
2108750269