100
289
1892
56339098
56791027
57693451
59724097
97911469
171481778
182298983
202101001
237837604
240477013
290192657
310266494
329022215
346531755
349527308
351355225
363441783
370996354
396888775
439483198
439938605
440703512
441565009
452412646
466824470
495199603
523615497
544391320
560371626
568235945
591789973
596429733
609930514
692889659
714797008
716036458
729915578
739192111
770587224
778729718
784868334
788603034
799113910
803864032
841207432
919591170
953794060
961829869
965124720
965880618
1076013894
1099226959
1138130343
1147917075
1187739188
1230555672
1236041812
1244567544
1262081007
1286071702
1292933895
1302260995
1343128282
1363601494
1374814612
1401313067
1420226903
1463287729
1477757993
1494766176
1523011826
1545044812
1601439098
1634388178
1688379282
1689660038
1718282239
1761925532
1769178125
1774148900
1798532426
1816379621
1825969152
1833278320
1861705755
1862632621
1877322454
1892761058
1895867808
1900581223
1960471250
1989517811
1997258684
2041377704
2083383452
2104696690
2142770233100
289
1892
56339098
56791027
57693451
59724097
97911469
171481778
182298983
202101001
237837604
240477013
290192657
310266494
329022215
346531755
349527308
351355225
363441783
370996354
396888775
439483198
439938605
440703512
441565009
452412646
466824470
495199603
523615497
544391320
560371626
568235945
591789973
596429733
609930514
692889659
714797008
716036458
729915578
739192111
770587224
778729718
784868334
788603034
799113910
803864032
841207432
919591170
953794060
961829869
965124720
965880618
1076013894
1099226959
1138130343
1147917075
1187739188
1230555672
1236041812
1244567544
1262081007
1286071702
1292933895
1302260995
1343128282
1363601494
1374814612
1401313067
1420226903
1463287729
1477757993
1494766176
1523011826
1545044812
1601439098
1634388178
1688379282
1689660038
1718282239
1761925532
1769178125
1774148900
1798532426
1816379621
1825969152
1833278320
1861705755
1862632621
1877322454
1892761058
1895867808
1900581223
1960471250
1989517811
1997258684
2041377704
2083383452
2104696690
2142770233100
289
1892
56339098
56791027
57693451
59724097
97911469
171481778
182298983
202101001
237837604
240477013
290192657
310266494
329022215
346531755
349527308
351355225
363441783
370996354
396888775
439483198
439938605
440703512
441565009
452412646
466824470
495199603
523615497
544391320
560371626
568235945
591789973
596429733
609930514
692889659
714797008
716036458
729915578
739192111
770587224
778729718
784868334
788603034
799113910
803864032
841207432
919591170
953794060
961829869
965124720
965880618
1076013894
1099226959
1138130343
1147917075
1187739188
1230555672
1236041812
1244567544
1262081007
1286071702
1292933895
1302260995
1343128282
1363601494
1374814612
1401313067
1420226903
1463287729
1477757993
1494766176
1523011826
1545044812
1601439098
1634388178
1688379282
1689660038
1718282239
1761925532
1769178125
1774148900
1798532426
1816379621
1825969152
1833278320
1861705755
1862632621
1877322454
1892761058
1895867808
1900581223
1960471250
1989517811
1997258684
2041377704
2083383452
2104696690
2142770233100
289
1892
56339098
56791027
57693451
59724097
97911469
171481778
182298983
202101001
237837604
240477013
290192657
310266494
329022215
346531755
349527308
351355225
363441783
370996354
396888775
439483198
439938605
440703512
441565009
452412646
466824470
495199603
523615497
544391320
560371626
568235945
591789973
596429733
609930514
692889659
714797008
716036458
729915578
739192111
770587224
778729718
784868334
788603034
799113910
803864032
841207432
919591170
953794060
961829869
965124720
965880618
1076013894
1099226959
1138130343
1147917075
1187739188
1230555672
1236041812
1244567544
1262081007
1286071702
1292933895
1302260995
1343128282
1363601494
1374814612
1401313067
1420226903
1463287729
1477757993
1494766176
1523011826
1545044812
1601439098
1634388178
1688379282
1689660038
1718282239
1761925532
1769178125
1774148900
1798532426
1816379621
1825969152
1833278320
1861705755
1862632621
1877322454
1892761058
1895867808
1900581223
1960471250
1989517811
1997258684
2041377704
2083383452
2104696690
2142770233100
289
1892
56339098
56791027
57693451
59724097
97911469
171481778
182298983
202101001
237837604
240477013
290192657
310266494
329022215
346531755
349527308
351355225
363441783
370996354
396888775
439483198
439938605
440703512
441565009
452412646
466824470
495199603
523615497
544391320
560371626
568235945
591789973
596429733
609930514
692889659
714797008
716036458
729915578
739192111
770587224
778729718
784868334
788603034
799113910
803864032
841207432
919591170
953794060
961829869
965124720
965880618
1076013894
1099226959
1138130343
1147917075
1187739188
1230555672
1236041812
1244567544
1262081007
1286071702
1292933895
1302260995
1343128282
1363601494
1374814612
1401313067
1420226903
1463287729
1477757993
1494766176
1523011826
1545044812
1601439098
1634388178
1688379282
1689660038
1718282239
1761925532
1769178125
1774148900
1798532426
1816379621
1825969152
1833278320
1861705755
1862632621
1877322454
1892761058
1895867808
1900581223
1960471250
1989517811
1997258684
2041377704
2083383452
2104696690
2142770233100
289
1892
56339098
56791027
57693451
59724097
97911469
171481778
182298983
202101001
237837604
240477013
290192657
310266494
329022215
346531755
349527308
351355225
363441783
370996354
396888775
439483198
439938605
440703512
441565009
452412646
466824470
495199603
523615497
544391320
560371626
568235945
591789973
596429733
609930514
692889659
714797008
716036458
729915578
739192111
770587224
778729718
784868334
788603034
799113910
803864032
841207432
919591170
953794060
961829869
965124720
965880618
1076013894
1099226959
1138130343
1147917075
1187739188
1230555672
1236041812
1244567544
1262081007
1286071702
1292933895
1302260995
1343128282
1363601494
1374814612
1401313067
1420226903
1463287729
1477757993
1494766176
1523011826
1545044812
1601439098
1634388178
1688379282
1689660038
1718282239
1761925532
1769178125
1774148900
1798532426
1816379621
1825969152
1833278320
1861705755
1862632621
1877322454
1892761058
1895867808
1900581223
1960471250
1989517811
1997258684
2041377704
2083383452
2104696690
2142770233100
289
1892
56339098
56791027
57693451
59724097
97911469
171481778
182298983
202101001
237837604
240477013
290192657
310266494
329022215
346531755
349527308
351355225
363441783
370996354
396888775
439483198
439938605
440703512
441565009
452412646
466824470
495199603
523615497
544391320
560371626
568235945
591789973
596429733
609930514
692889659
714797008
716036458
729915578
739192111
770587224
778729718
784868334
788603034
799113910
803864032
841207432
919591170
953794060
961829869
965124720
965880618
1076013894
1099226959
1138130343
1147917075
1187739188
1230555672
1236041812
1244567544
1262081007
1286071702
1292933895
1302260995
1343128282
1363601494
1374814612
1401313067
1420226903
1463287729
1477757993
1494766176
1523011826
1545044812
1601439098
1634388178
1688379282
1689660038
1718282239
1761925532
1769178125
1774148900
1798532426
1816379621
1825969152
1833278320
1861705755
1862632621
1877322454
1892761058
1895867808
1900581223
1960471250
1989517811
1997258684
2041377704
2083383452
2104696690
2142770233100
289
1892
56339098
56791027
57693451
59724097
97911469
171481778
182298983
202101001
237837604
240477013
290192657
310266494
329022215
346531755
349527308
351355225
363441783
370996354
396888775
439483198
439938605
440703512
441565009
452412646
466824470
495199603
523615497
544391320
560371626
568235945
591789973
596429733
609930514
692889659
714797008
716036458
729915578
739192111
770587224
778729718
784868334
788603034
799113910
803864032
841207432
919591170
953794060
961829869
965124720
965880618
1076013894
1099226959
1138130343
1147917075
1187739188
1230555672
1236041812
1244567544
1262081007
1286071702
1292933895
1302260995
1343128282
1363601494
1374814612
1401313067
1420226903
1463287729
1477757993
1494766176
1523011826
1545044812
1601439098
1634388178
1688379282
1689660038
1718282239
1761925532
1769178125
1774148900
1798532426
1816379621
1825969152
1833278320
1861705755
1862632621
1877322454
1892761058
1895867808
1900581223
1960471250
1989517811
1997258684
2041377704
2083383452
2104696690
2142770233100
289
1892
56339098
56791027
57693451
59724097
97911469
171481778
182298983
202101001
237837604
240477013
290192657
310266494
329022215
346531755
349527308
351355225
363441783
370996354
396888775
439483198
439938605
440703512
441565009
452412646
466824470
495199603
523615497
544391320
560371626
568235945
591789973
596429733
609930514
692889659
714797008
716036458
729915578
739192111
770587224
778729718
784868334
788603034
799113910
803864032
841207432
919591170
953794060
961829869
965124720
965880618
1076013894
1099226959
1138130343
1147917075
1187739188
1230555672
1236041812
1244567544
1262081007
1286071702
1292933895
1302260995
1343128282
1363601494
1374814612
1401313067
1420226903
1463287729
1477757993
1494766176
1523011826
1545044812
1601439098
1634388178
1688379282
1689660038
1718282239
1761925532
1769178125
1774148900
1798532426
1816379621
1825969152
1833278320
1861705755
1862632621
1877322454
1892761058
1895867808
1900581223
1960471250
1989517811
1997258684
2041377704
2083383452
2104696690
2142770233100
289
1892
56339098
56791027
57693451
59724097
97911469
171481778
182298983
202101001
237837604
240477013
290192657
310266494
329022215
346531755
349527308
351355225
363441783
370996354
396888775
439483198
439938605
440703512
441565009
452412646
466824470
495199603
523615497
544391320
560371626
568235945
591789973
596429733
609930514
692889659
714797008
716036458
729915578
739192111
770587224
778729718
784868334
788603034
799113910
803864032
841207432
919591170
953794060
961829869
965124720
965880618
1076013894
1099226959
1138130343
1147917075
1187739188
1230555672
1236041812
1244567544
1262081007
1286071702
1292933895
1302260995
1343128282
1363601494
1374814612
1401313067
1420226903
1463287729
1477757993
1494766176
1523011826
1545044812
1601439098
1634388178
1688379282
1689660038
1718282239
1761925532
1769178125
1774148900
1798532426
1816379621
1825969152
1833278320
1861705755
1862632621
1877322454
1892761058
1895867808
1900581223
1960471250
1989517811
1997258684
2041377704
2083383452
2104696690
2142770233100
289
1892
56339098
56791027
57693451
59724097
97911469
171481778
182298983
202101001
237837604
240477013
290192657
310266494
329022215
346531755
349527308
351355225
363441783
370996354
396888775
439483198
439938605
440703512
441565009
452412646
466824470
495199603
523615497
544391320
560371626
568235945
591789973
596429733
609930514
692889659
714797008
716036458
729915578
739192111
770587224
778729718
784868334
788603034
799113910
803864032
841207432
919591170
953794060
961829869
965124720
965880618
1076013894
1099226959
1138130343
1147917075
1187739188
1230555672
1236041812
1244567544
1262081007
1286071702
1292933895
1302260995
1343128282
1363601494
1374814612
1401313067
1420226903
1463287729
1477757993
1494766176
1523011826
1545044812
1601439098
1634388178
1688379282
1689660038
1718282239
1761925532
1769178125
1774148900
1798532426
1816379621
1825969152
1833278320
1861705755
1862632621
1877322454
1892761058
1895867808
1900581223
1960471250
1989517811
1997258684
2041377704
2083383452
2104696690
2142770233