1
2
5
19
33935455
40342653
54797989
77760108
78599614
110299899
112188461
122825634
131929136
146744068
218881544
221845972
221850819
247423134
291574738
331070005
358357054
365005460
383850499
400253890
439905332
534990184
570931803
597990462
623148782
745457975
749995252
755656676
785800629
808344892
840159222
852099722
901786332
947413188
967886118
971938967
988154243
1007117655
1011242628
1039044123
1077520723
1090711752
1112954471
1128878658
1167444309
1186640743
1187156847
1203417538
1226983396
1237455820
1244883607
1252675828
1258790998
1282510661
1295814983
1314644090
1316055434
1326341598
1336551107
1347667079
1350724631
1357885777
1367667794
1373144034
1376962044
1387789126
1430768045
1461812110
1510683809
1536494910
1558401926
1613672944
1628125845
1662689362
1666361160
1681602186
1696726905
1710944933
1759946255
1838545869
1861756329
1866746787
1911952228
1932614822
1947260162
1952964301
1986457312
2010360413
2052782401
2057560062
2069230641
2079339194
2084383397
2094795432
2104344492
21438118501
2
5
19
33935455
40342653
54797989
77760108
78599614
110299899
112188461
122825634
131929136
146744068
218881544
221845972
221850819
247423134
291574738
331070005
358357054
365005460
383850499
400253890
439905332
534990184
570931803
597990462
623148782
745457975
749995252
755656676
785800629
808344892
840159222
852099722
901786332
947413188
967886118
971938967
988154243
1007117655
1011242628
1039044123
1077520723
1090711752
1112954471
1128878658
1167444309
1186640743
1187156847
1203417538
1226983396
1237455820
1244883607
1252675828
1258790998
1282510661
1295814983
1314644090
1316055434
1326341598
1336551107
1347667079
1350724631
1357885777
1367667794
1373144034
1376962044
1387789126
1430768045
1461812110
1510683809
1536494910
1558401926
1613672944
1628125845
1662689362
1666361160
1681602186
1696726905
1710944933
1759946255
1838545869
1861756329
1866746787
1911952228
1932614822
1947260162
1952964301
1986457312
2010360413
2052782401
2057560062
2069230641
2079339194
2084383397
2094795432
2104344492
21438118501
2
5
19
33935455
40342653
54797989
77760108
78599614
110299899
112188461
122825634
131929136
146744068
218881544
221845972
221850819
247423134
291574738
331070005
358357054
365005460
383850499
400253890
439905332
534990184
570931803
597990462
623148782
745457975
749995252
755656676
785800629
808344892
840159222
852099722
901786332
947413188
967886118
971938967
988154243
1007117655
1011242628
1039044123
1077520723
1090711752
1112954471
1128878658
1167444309
1186640743
1187156847
1203417538
1226983396
1237455820
1244883607
1252675828
1258790998
1282510661
1295814983
1314644090
1316055434
1326341598
1336551107
1347667079
1350724631
1357885777
1367667794
1373144034
1376962044
1387789126
1430768045
1461812110
1510683809
1536494910
1558401926
1613672944
1628125845
1662689362
1666361160
1681602186
1696726905
1710944933
1759946255
1838545869
1861756329
1866746787
1911952228
1932614822
1947260162
1952964301
1986457312
2010360413
2052782401
2057560062
2069230641
2079339194
2084383397
2094795432
2104344492
21438118501
2
5
19
33935455
40342653
54797989
77760108
78599614
110299899
112188461
122825634
131929136
146744068
218881544
221845972
221850819
247423134
291574738
331070005
358357054
365005460
383850499
400253890
439905332
534990184
570931803
597990462
623148782
745457975
749995252
755656676
785800629
808344892
840159222
852099722
901786332
947413188
967886118
971938967
988154243
1007117655
1011242628
1039044123
1077520723
1090711752
1112954471
1128878658
1167444309
1186640743
1187156847
1203417538
1226983396
1237455820
1244883607
1252675828
1258790998
1282510661
1295814983
1314644090
1316055434
1326341598
1336551107
1347667079
1350724631
1357885777
1367667794
1373144034
1376962044
1387789126
1430768045
1461812110
1510683809
1536494910
1558401926
1613672944
1628125845
1662689362
1666361160
1681602186
1696726905
1710944933
1759946255
1838545869
1861756329
1866746787
1911952228
1932614822
1947260162
1952964301
1986457312
2010360413
2052782401
2057560062
2069230641
2079339194
2084383397
2094795432
2104344492
21438118501
2
5
19
33935455
40342653
54797989
77760108
78599614
110299899
112188461
122825634
131929136
146744068
218881544
221845972
221850819
247423134
291574738
331070005
358357054
365005460
383850499
400253890
439905332
534990184
570931803
597990462
623148782
745457975
749995252
755656676
785800629
808344892
840159222
852099722
901786332
947413188
967886118
971938967
988154243
1007117655
1011242628
1039044123
1077520723
1090711752
1112954471
1128878658
1167444309
1186640743
1187156847
1203417538
1226983396
1237455820
1244883607
1252675828
1258790998
1282510661
1295814983
1314644090
1316055434
1326341598
1336551107
1347667079
1350724631
1357885777
1367667794
1373144034
1376962044
1387789126
1430768045
1461812110
1510683809
1536494910
1558401926
1613672944
1628125845
1662689362
1666361160
1681602186
1696726905
1710944933
1759946255
1838545869
1861756329
1866746787
1911952228
1932614822
1947260162
1952964301
1986457312
2010360413
2052782401
2057560062
2069230641
2079339194
2084383397
2094795432
2104344492
21438118501
2
5
19
33935455
40342653
54797989
77760108
78599614
110299899
112188461
122825634
131929136
146744068
218881544
221845972
221850819
247423134
291574738
331070005
358357054
365005460
383850499
400253890
439905332
534990184
570931803
597990462
623148782
745457975
749995252
755656676
785800629
808344892
840159222
852099722
901786332
947413188
967886118
971938967
988154243
1007117655
1011242628
1039044123
1077520723
1090711752
1112954471
1128878658
1167444309
1186640743
1187156847
1203417538
1226983396
1237455820
1244883607
1252675828
1258790998
1282510661
1295814983
1314644090
1316055434
1326341598
1336551107
1347667079
1350724631
1357885777
1367667794
1373144034
1376962044
1387789126
1430768045
1461812110
1510683809
1536494910
1558401926
1613672944
1628125845
1662689362
1666361160
1681602186
1696726905
1710944933
1759946255
1838545869
1861756329
1866746787
1911952228
1932614822
1947260162
1952964301
1986457312
2010360413
2052782401
2057560062
2069230641
2079339194
2084383397
2094795432
2104344492
21438118501
2
5
19
33935455
40342653
54797989
77760108
78599614
110299899
112188461
122825634
131929136
146744068
218881544
221845972
221850819
247423134
291574738
331070005
358357054
365005460
383850499
400253890
439905332
534990184
570931803
597990462
623148782
745457975
749995252
755656676
785800629
808344892
840159222
852099722
901786332
947413188
967886118
971938967
988154243
1007117655
1011242628
1039044123
1077520723
1090711752
1112954471
1128878658
1167444309
1186640743
1187156847
1203417538
1226983396
1237455820
1244883607
1252675828
1258790998
1282510661
1295814983
1314644090
1316055434
1326341598
1336551107
1347667079
1350724631
1357885777
1367667794
1373144034
1376962044
1387789126
1430768045
1461812110
1510683809
1536494910
1558401926
1613672944
1628125845
1662689362
1666361160
1681602186
1696726905
1710944933
1759946255
1838545869
1861756329
1866746787
1911952228
1932614822
1947260162
1952964301
1986457312
2010360413
2052782401
2057560062
2069230641
2079339194
2084383397
2094795432
2104344492
21438118501
2
5
19
33935455
40342653
54797989
77760108
78599614
110299899
112188461
122825634
131929136
146744068
218881544
221845972
221850819
247423134
291574738
331070005
358357054
365005460
383850499
400253890
439905332
534990184
570931803
597990462
623148782
745457975
749995252
755656676
785800629
808344892
840159222
852099722
901786332
947413188
967886118
971938967
988154243
1007117655
1011242628
1039044123
1077520723
1090711752
1112954471
1128878658
1167444309
1186640743
1187156847
1203417538
1226983396
1237455820
1244883607
1252675828
1258790998
1282510661
1295814983
1314644090
1316055434
1326341598
1336551107
1347667079
1350724631
1357885777
1367667794
1373144034
1376962044
1387789126
1430768045
1461812110
1510683809
1536494910
1558401926
1613672944
1628125845
1662689362
1666361160
1681602186
1696726905
1710944933
1759946255
1838545869
1861756329
1866746787
1911952228
1932614822
1947260162
1952964301
1986457312
2010360413
2052782401
2057560062
2069230641
2079339194
2084383397
2094795432
2104344492
21438118501
2
5
19
33935455
40342653
54797989
77760108
78599614
110299899
112188461
122825634
131929136
146744068
218881544
221845972
221850819
247423134
291574738
331070005
358357054
365005460
383850499
400253890
439905332
534990184
570931803
597990462
623148782
745457975
749995252
755656676
785800629
808344892
840159222
852099722
901786332
947413188
967886118
971938967
988154243
1007117655
1011242628
1039044123
1077520723
1090711752
1112954471
1128878658
1167444309
1186640743
1187156847
1203417538
1226983396
1237455820
1244883607
1252675828
1258790998
1282510661
1295814983
1314644090
1316055434
1326341598
1336551107
1347667079
1350724631
1357885777
1367667794
1373144034
1376962044
1387789126
1430768045
1461812110
1510683809
1536494910
1558401926
1613672944
1628125845
1662689362
1666361160
1681602186
1696726905
1710944933
1759946255
1838545869
1861756329
1866746787
1911952228
1932614822
1947260162
1952964301
1986457312
2010360413
2052782401
2057560062
2069230641
2079339194
2084383397
2094795432
2104344492
21438118501
2
5
19
33935455
40342653
54797989
77760108
78599614
110299899
112188461
122825634
131929136
146744068
218881544
221845972
221850819
247423134
291574738
331070005
358357054
365005460
383850499
400253890
439905332
534990184
570931803
597990462
623148782
745457975
749995252
755656676
785800629
808344892
840159222
852099722
901786332
947413188
967886118
971938967
988154243
1007117655
1011242628
1039044123
1077520723
1090711752
1112954471
1128878658
1167444309
1186640743
1187156847
1203417538
1226983396
1237455820
1244883607
1252675828
1258790998
1282510661
1295814983
1314644090
1316055434
1326341598
1336551107
1347667079
1350724631
1357885777
1367667794
1373144034
1376962044
1387789126
1430768045
1461812110
1510683809
1536494910
1558401926
1613672944
1628125845
1662689362
1666361160
1681602186
1696726905
1710944933
1759946255
1838545869
1861756329
1866746787
1911952228
1932614822
1947260162
1952964301
1986457312
2010360413
2052782401
2057560062
2069230641
2079339194
2084383397
2094795432
2104344492
21438118501
2
5
19
33935455
40342653
54797989
77760108
78599614
110299899
112188461
122825634
131929136
146744068
218881544
221845972
221850819
247423134
291574738
331070005
358357054
365005460
383850499
400253890
439905332
534990184
570931803
597990462
623148782
745457975
749995252
755656676
785800629
808344892
840159222
852099722
901786332
947413188
967886118
971938967
988154243
1007117655
1011242628
1039044123
1077520723
1090711752
1112954471
1128878658
1167444309
1186640743
1187156847
1203417538
1226983396
1237455820
1244883607
1252675828
1258790998
1282510661
1295814983
1314644090
1316055434
1326341598
1336551107
1347667079
1350724631
1357885777
1367667794
1373144034
1376962044
1387789126
1430768045
1461812110
1510683809
1536494910
1558401926
1613672944
1628125845
1662689362
1666361160
1681602186
1696726905
1710944933
1759946255
1838545869
1861756329
1866746787
1911952228
1932614822
1947260162
1952964301
1986457312
2010360413
2052782401
2057560062
2069230641
2079339194
2084383397
2094795432
2104344492
2143811850