15452861
20594777
32597164
71915071
75689368
77256737
78596786
107769327
129808138
145260999
171426314
178760894
235823498
257060405
347946355
352902064
361637108
374083363
378329024
428767431
437326476
440517329
476896982
479822165
493193227
494157321
561009401
565719837
571091285
581211920
584666309
590518880
605971741
607089969
676340828
709928122
713681001
722029718
725095733
751232741
763466293
806033875
811405323
824283398
829376085
842748980
856880562
859845746
886815489
898483851
919078628
982147866
986688700
989473114
1021729250
1040831566
1047442811
1136811122
1164362528
1208431852
1221482854
1278789655
1287701669
1300079640
1306656504
1316201180
1336357526
1350704726
1376923596
1416845826
1453008387
1484241053
1524163283
1534024793
1540558166
1549147249
1554404556
1621062320
1658809331
1698070078
1712785687
1739310994
1770334270
1805894118
1830235645
1833051315
1834620307
1853421506
1862570077
1881583486
1900867489
1902350911
1907169609
1945026756
1979429715
2024224565
2030304681
2079667473
2107561418
213581528615452861
20594777
32597164
71915071
75689368
77256737
78596786
107769327
129808138
145260999
171426314
178760894
235823498
257060405
347946355
352902064
361637108
374083363
378329024
428767431
437326476
440517329
476896982
479822165
493193227
494157321
561009401
565719837
571091285
581211920
584666309
590518880
605971741
607089969
676340828
709928122
713681001
722029718
725095733
751232741
763466293
806033875
811405323
824283398
829376085
842748980
856880562
859845746
886815489
898483851
919078628
982147866
986688700
989473114
1021729250
1040831566
1047442811
1136811122
1164362528
1208431852
1221482854
1278789655
1287701669
1300079640
1306656504
1316201180
1336357526
1350704726
1376923596
1416845826
1453008387
1484241053
1524163283
1534024793
1540558166
1549147249
1554404556
1621062320
1658809331
1698070078
1712785687
1739310994
1770334270
1805894118
1830235645
1833051315
1834620307
1853421506
1862570077
1881583486
1900867489
1902350911
1907169609
1945026756
1979429715
2024224565
2030304681
2079667473
2107561418
213581528615452861
20594777
32597164
71915071
75689368
77256737
78596786
107769327
129808138
145260999
171426314
178760894
235823498
257060405
347946355
352902064
361637108
374083363
378329024
428767431
437326476
440517329
476896982
479822165
493193227
494157321
561009401
565719837
571091285
581211920
584666309
590518880
605971741
607089969
676340828
709928122
713681001
722029718
725095733
751232741
763466293
806033875
811405323
824283398
829376085
842748980
856880562
859845746
886815489
898483851
919078628
982147866
986688700
989473114
1021729250
1040831566
1047442811
1136811122
1164362528
1208431852
1221482854
1278789655
1287701669
1300079640
1306656504
1316201180
1336357526
1350704726
1376923596
1416845826
1453008387
1484241053
1524163283
1534024793
1540558166
1549147249
1554404556
1621062320
1658809331
1698070078
1712785687
1739310994
1770334270
1805894118
1830235645
1833051315
1834620307
1853421506
1862570077
1881583486
1900867489
1902350911
1907169609
1945026756
1979429715
2024224565
2030304681
2079667473
2107561418
213581528615452861
20594777
32597164
71915071
75689368
77256737
78596786
107769327
129808138
145260999
171426314
178760894
235823498
257060405
347946355
352902064
361637108
374083363
378329024
428767431
437326476
440517329
476896982
479822165
493193227
494157321
561009401
565719837
571091285
581211920
584666309
590518880
605971741
607089969
676340828
709928122
713681001
722029718
725095733
751232741
763466293
806033875
811405323
824283398
829376085
842748980
856880562
859845746
886815489
898483851
919078628
982147866
986688700
989473114
1021729250
1040831566
1047442811
1136811122
1164362528
1208431852
1221482854
1278789655
1287701669
1300079640
1306656504
1316201180
1336357526
1350704726
1376923596
1416845826
1453008387
1484241053
1524163283
1534024793
1540558166
1549147249
1554404556
1621062320
1658809331
1698070078
1712785687
1739310994
1770334270
1805894118
1830235645
1833051315
1834620307
1853421506
1862570077
1881583486
1900867489
1902350911
1907169609
1945026756
1979429715
2024224565
2030304681
2079667473
2107561418
213581528615452861
20594777
32597164
71915071
75689368
77256737
78596786
107769327
129808138
145260999
171426314
178760894
235823498
257060405
347946355
352902064
361637108
374083363
378329024
428767431
437326476
440517329
476896982
479822165
493193227
494157321
561009401
565719837
571091285
581211920
584666309
590518880
605971741
607089969
676340828
709928122
713681001
722029718
725095733
751232741
763466293
806033875
811405323
824283398
829376085
842748980
856880562
859845746
886815489
898483851
919078628
982147866
986688700
989473114
1021729250
1040831566
1047442811
1136811122
1164362528
1208431852
1221482854
1278789655
1287701669
1300079640
1306656504
1316201180
1336357526
1350704726
1376923596
1416845826
1453008387
1484241053
1524163283
1534024793
1540558166
1549147249
1554404556
1621062320
1658809331
1698070078
1712785687
1739310994
1770334270
1805894118
1830235645
1833051315
1834620307
1853421506
1862570077
1881583486
1900867489
1902350911
1907169609
1945026756
1979429715
2024224565
2030304681
2079667473
2107561418
213581528615452861
20594777
32597164
71915071
75689368
77256737
78596786
107769327
129808138
145260999
171426314
178760894
235823498
257060405
347946355
352902064
361637108
374083363
378329024
428767431
437326476
440517329
476896982
479822165
493193227
494157321
561009401
565719837
571091285
581211920
584666309
590518880
605971741
607089969
676340828
709928122
713681001
722029718
725095733
751232741
763466293
806033875
811405323
824283398
829376085
842748980
856880562
859845746
886815489
898483851
919078628
982147866
986688700
989473114
1021729250
1040831566
1047442811
1136811122
1164362528
1208431852
1221482854
1278789655
1287701669
1300079640
1306656504
1316201180
1336357526
1350704726
1376923596
1416845826
1453008387
1484241053
1524163283
1534024793
1540558166
1549147249
1554404556
1621062320
1658809331
1698070078
1712785687
1739310994
1770334270
1805894118
1830235645
1833051315
1834620307
1853421506
1862570077
1881583486
1900867489
1902350911
1907169609
1945026756
1979429715
2024224565
2030304681
2079667473
2107561418
213581528615452861
20594777
32597164
71915071
75689368
77256737
78596786
107769327
129808138
145260999
171426314
178760894
235823498
257060405
347946355
352902064
361637108
374083363
378329024
428767431
437326476
440517329
476896982
479822165
493193227
494157321
561009401
565719837
571091285
581211920
584666309
590518880
605971741
607089969
676340828
709928122
713681001
722029718
725095733
751232741
763466293
806033875
811405323
824283398
829376085
842748980
856880562
859845746
886815489
898483851
919078628
982147866
986688700
989473114
1021729250
1040831566
1047442811
1136811122
1164362528
1208431852
1221482854
1278789655
1287701669
1300079640
1306656504
1316201180
1336357526
1350704726
1376923596
1416845826
1453008387
1484241053
1524163283
1534024793
1540558166
1549147249
1554404556
1621062320
1658809331
1698070078
1712785687
1739310994
1770334270
1805894118
1830235645
1833051315
1834620307
1853421506
1862570077
1881583486
1900867489
1902350911
1907169609
1945026756
1979429715
2024224565
2030304681
2079667473
2107561418
213581528615452861
20594777
32597164
71915071
75689368
77256737
78596786
107769327
129808138
145260999
171426314
178760894
235823498
257060405
347946355
352902064
361637108
374083363
378329024
428767431
437326476
440517329
476896982
479822165
493193227
494157321
561009401
565719837
571091285
581211920
584666309
590518880
605971741
607089969
676340828
709928122
713681001
722029718
725095733
751232741
763466293
806033875
811405323
824283398
829376085
842748980
856880562
859845746
886815489
898483851
919078628
982147866
986688700
989473114
1021729250
1040831566
1047442811
1136811122
1164362528
1208431852
1221482854
1278789655
1287701669
1300079640
1306656504
1316201180
1336357526
1350704726
1376923596
1416845826
1453008387
1484241053
1524163283
1534024793
1540558166
1549147249
1554404556
1621062320
1658809331
1698070078
1712785687
1739310994
1770334270
1805894118
1830235645
1833051315
1834620307
1853421506
1862570077
1881583486
1900867489
1902350911
1907169609
1945026756
1979429715
2024224565
2030304681
2079667473
2107561418
213581528615452861
20594777
32597164
71915071
75689368
77256737
78596786
107769327
129808138
145260999
171426314
178760894
235823498
257060405
347946355
352902064
361637108
374083363
378329024
428767431
437326476
440517329
476896982
479822165
493193227
494157321
561009401
565719837
571091285
581211920
584666309
590518880
605971741
607089969
676340828
709928122
713681001
722029718
725095733
751232741
763466293
806033875
811405323
824283398
829376085
842748980
856880562
859845746
886815489
898483851
919078628
982147866
986688700
989473114
1021729250
1040831566
1047442811
1136811122
1164362528
1208431852
1221482854
1278789655
1287701669
1300079640
1306656504
1316201180
1336357526
1350704726
1376923596
1416845826
1453008387
1484241053
1524163283
1534024793
1540558166
1549147249
1554404556
1621062320
1658809331
1698070078
1712785687
1739310994
1770334270
1805894118
1830235645
1833051315
1834620307
1853421506
1862570077
1881583486
1900867489
1902350911
1907169609
1945026756
1979429715
2024224565
2030304681
2079667473
2107561418
213581528615452861
20594777
32597164
71915071
75689368
77256737
78596786
107769327
129808138
145260999
171426314
178760894
235823498
257060405
347946355
352902064
361637108
374083363
378329024
428767431
437326476
440517329
476896982
479822165
493193227
494157321
561009401
565719837
571091285
581211920
584666309
590518880
605971741
607089969
676340828
709928122
713681001
722029718
725095733
751232741
763466293
806033875
811405323
824283398
829376085
842748980
856880562
859845746
886815489
898483851
919078628
982147866
986688700
989473114
1021729250
1040831566
1047442811
1136811122
1164362528
1208431852
1221482854
1278789655
1287701669
1300079640
1306656504
1316201180
1336357526
1350704726
1376923596
1416845826
1453008387
1484241053
1524163283
1534024793
1540558166
1549147249
1554404556
1621062320
1658809331
1698070078
1712785687
1739310994
1770334270
1805894118
1830235645
1833051315
1834620307
1853421506
1862570077
1881583486
1900867489
1902350911
1907169609
1945026756
1979429715
2024224565
2030304681
2079667473
2107561418
213581528615452861
20594777
32597164
71915071
75689368
77256737
78596786
107769327
129808138
145260999
171426314
178760894
235823498
257060405
347946355
352902064
361637108
374083363
378329024
428767431
437326476
440517329
476896982
479822165
493193227
494157321
561009401
565719837
571091285
581211920
584666309
590518880
605971741
607089969
676340828
709928122
713681001
722029718
725095733
751232741
763466293
806033875
811405323
824283398
829376085
842748980
856880562
859845746
886815489
898483851
919078628
982147866
986688700
989473114
1021729250
1040831566
1047442811
1136811122
1164362528
1208431852
1221482854
1278789655
1287701669
1300079640
1306656504
1316201180
1336357526
1350704726
1376923596
1416845826
1453008387
1484241053
1524163283
1534024793
1540558166
1549147249
1554404556
1621062320
1658809331
1698070078
1712785687
1739310994
1770334270
1805894118
1830235645
1833051315
1834620307
1853421506
1862570077
1881583486
1900867489
1902350911
1907169609
1945026756
1979429715
2024224565
2030304681
2079667473
2107561418
2135815286