65250844
116672333
134202413
139006180
142079376
175794033
198943906
211639275
242508667
282723887
313573680
320946605
333729972
430282466
439770390
441120314
447699588
475449251
481667794
508192228
509650949
518867106
528493183
546918638
556474938
573843648
605564346
612273164
644246151
682279057
693252890
702392763
725616321
748136670
813387514
829158782
829308822
843473531
846988300
855529788
877982054
898244428
937439668
944779583
945981156
995580364
1001649389
1044250023
1089503307
1119623911
1134373204
1144563369
1150092351
1172763230
1235267270
1268575617
1287257544
1309742143
1348025888
1360306152
1366234688
1395670776
1429915587
1446906546
1453353884
1490587216
1504400764
1535085150
1543004014
1546726842
1595286403
1598359598
1633506602
1645895540
1655042739
1679152172
1681252757
1690644187
1702226491
1702518089
1708216853
1734292583
1751709705
1762706795
1778073619
1816806998
1817934371
1823332133
1834566164
1930010604
1931503695
1940359947
1962338313
1968616419
1972220990
1974855540
2009828822
2028074406
2057032280
214441045265250844
116672333
134202413
139006180
142079376
175794033
198943906
211639275
242508667
282723887
313573680
320946605
333729972
430282466
439770390
441120314
447699588
475449251
481667794
508192228
509650949
518867106
528493183
546918638
556474938
573843648
605564346
612273164
644246151
682279057
693252890
702392763
725616321
748136670
813387514
829158782
829308822
843473531
846988300
855529788
877982054
898244428
937439668
944779583
945981156
995580364
1001649389
1044250023
1089503307
1119623911
1134373204
1144563369
1150092351
1172763230
1235267270
1268575617
1287257544
1309742143
1348025888
1360306152
1366234688
1395670776
1429915587
1446906546
1453353884
1490587216
1504400764
1535085150
1543004014
1546726842
1595286403
1598359598
1633506602
1645895540
1655042739
1679152172
1681252757
1690644187
1702226491
1702518089
1708216853
1734292583
1751709705
1762706795
1778073619
1816806998
1817934371
1823332133
1834566164
1930010604
1931503695
1940359947
1962338313
1968616419
1972220990
1974855540
2009828822
2028074406
2057032280
214441045265250844
116672333
134202413
139006180
142079376
175794033
198943906
211639275
242508667
282723887
313573680
320946605
333729972
430282466
439770390
441120314
447699588
475449251
481667794
508192228
509650949
518867106
528493183
546918638
556474938
573843648
605564346
612273164
644246151
682279057
693252890
702392763
725616321
748136670
813387514
829158782
829308822
843473531
846988300
855529788
877982054
898244428
937439668
944779583
945981156
995580364
1001649389
1044250023
1089503307
1119623911
1134373204
1144563369
1150092351
1172763230
1235267270
1268575617
1287257544
1309742143
1348025888
1360306152
1366234688
1395670776
1429915587
1446906546
1453353884
1490587216
1504400764
1535085150
1543004014
1546726842
1595286403
1598359598
1633506602
1645895540
1655042739
1679152172
1681252757
1690644187
1702226491
1702518089
1708216853
1734292583
1751709705
1762706795
1778073619
1816806998
1817934371
1823332133
1834566164
1930010604
1931503695
1940359947
1962338313
1968616419
1972220990
1974855540
2009828822
2028074406
2057032280
214441045265250844
116672333
134202413
139006180
142079376
175794033
198943906
211639275
242508667
282723887
313573680
320946605
333729972
430282466
439770390
441120314
447699588
475449251
481667794
508192228
509650949
518867106
528493183
546918638
556474938
573843648
605564346
612273164
644246151
682279057
693252890
702392763
725616321
748136670
813387514
829158782
829308822
843473531
846988300
855529788
877982054
898244428
937439668
944779583
945981156
995580364
1001649389
1044250023
1089503307
1119623911
1134373204
1144563369
1150092351
1172763230
1235267270
1268575617
1287257544
1309742143
1348025888
1360306152
1366234688
1395670776
1429915587
1446906546
1453353884
1490587216
1504400764
1535085150
1543004014
1546726842
1595286403
1598359598
1633506602
1645895540
1655042739
1679152172
1681252757
1690644187
1702226491
1702518089
1708216853
1734292583
1751709705
1762706795
1778073619
1816806998
1817934371
1823332133
1834566164
1930010604
1931503695
1940359947
1962338313
1968616419
1972220990
1974855540
2009828822
2028074406
2057032280
214441045265250844
116672333
134202413
139006180
142079376
175794033
198943906
211639275
242508667
282723887
313573680
320946605
333729972
430282466
439770390
441120314
447699588
475449251
481667794
508192228
509650949
518867106
528493183
546918638
556474938
573843648
605564346
612273164
644246151
682279057
693252890
702392763
725616321
748136670
813387514
829158782
829308822
843473531
846988300
855529788
877982054
898244428
937439668
944779583
945981156
995580364
1001649389
1044250023
1089503307
1119623911
1134373204
1144563369
1150092351
1172763230
1235267270
1268575617
1287257544
1309742143
1348025888
1360306152
1366234688
1395670776
1429915587
1446906546
1453353884
1490587216
1504400764
1535085150
1543004014
1546726842
1595286403
1598359598
1633506602
1645895540
1655042739
1679152172
1681252757
1690644187
1702226491
1702518089
1708216853
1734292583
1751709705
1762706795
1778073619
1816806998
1817934371
1823332133
1834566164
1930010604
1931503695
1940359947
1962338313
1968616419
1972220990
1974855540
2009828822
2028074406
2057032280
214441045265250844
116672333
134202413
139006180
142079376
175794033
198943906
211639275
242508667
282723887
313573680
320946605
333729972
430282466
439770390
441120314
447699588
475449251
481667794
508192228
509650949
518867106
528493183
546918638
556474938
573843648
605564346
612273164
644246151
682279057
693252890
702392763
725616321
748136670
813387514
829158782
829308822
843473531
846988300
855529788
877982054
898244428
937439668
944779583
945981156
995580364
1001649389
1044250023
1089503307
1119623911
1134373204
1144563369
1150092351
1172763230
1235267270
1268575617
1287257544
1309742143
1348025888
1360306152
1366234688
1395670776
1429915587
1446906546
1453353884
1490587216
1504400764
1535085150
1543004014
1546726842
1595286403
1598359598
1633506602
1645895540
1655042739
1679152172
1681252757
1690644187
1702226491
1702518089
1708216853
1734292583
1751709705
1762706795
1778073619
1816806998
1817934371
1823332133
1834566164
1930010604
1931503695
1940359947
1962338313
1968616419
1972220990
1974855540
2009828822
2028074406
2057032280
214441045265250844
116672333
134202413
139006180
142079376
175794033
198943906
211639275
242508667
282723887
313573680
320946605
333729972
430282466
439770390
441120314
447699588
475449251
481667794
508192228
509650949
518867106
528493183
546918638
556474938
573843648
605564346
612273164
644246151
682279057
693252890
702392763
725616321
748136670
813387514
829158782
829308822
843473531
846988300
855529788
877982054
898244428
937439668
944779583
945981156
995580364
1001649389
1044250023
1089503307
1119623911
1134373204
1144563369
1150092351
1172763230
1235267270
1268575617
1287257544
1309742143
1348025888
1360306152
1366234688
1395670776
1429915587
1446906546
1453353884
1490587216
1504400764
1535085150
1543004014
1546726842
1595286403
1598359598
1633506602
1645895540
1655042739
1679152172
1681252757
1690644187
1702226491
1702518089
1708216853
1734292583
1751709705
1762706795
1778073619
1816806998
1817934371
1823332133
1834566164
1930010604
1931503695
1940359947
1962338313
1968616419
1972220990
1974855540
2009828822
2028074406
2057032280
214441045265250844
116672333
134202413
139006180
142079376
175794033
198943906
211639275
242508667
282723887
313573680
320946605
333729972
430282466
439770390
441120314
447699588
475449251
481667794
508192228
509650949
518867106
528493183
546918638
556474938
573843648
605564346
612273164
644246151
682279057
693252890
702392763
725616321
748136670
813387514
829158782
829308822
843473531
846988300
855529788
877982054
898244428
937439668
944779583
945981156
995580364
1001649389
1044250023
1089503307
1119623911
1134373204
1144563369
1150092351
1172763230
1235267270
1268575617
1287257544
1309742143
1348025888
1360306152
1366234688
1395670776
1429915587
1446906546
1453353884
1490587216
1504400764
1535085150
1543004014
1546726842
1595286403
1598359598
1633506602
1645895540
1655042739
1679152172
1681252757
1690644187
1702226491
1702518089
1708216853
1734292583
1751709705
1762706795
1778073619
1816806998
1817934371
1823332133
1834566164
1930010604
1931503695
1940359947
1962338313
1968616419
1972220990
1974855540
2009828822
2028074406
2057032280
214441045265250844
116672333
134202413
139006180
142079376
175794033
198943906
211639275
242508667
282723887
313573680
320946605
333729972
430282466
439770390
441120314
447699588
475449251
481667794
508192228
509650949
518867106
528493183
546918638
556474938
573843648
605564346
612273164
644246151
682279057
693252890
702392763
725616321
748136670
813387514
829158782
829308822
843473531
846988300
855529788
877982054
898244428
937439668
944779583
945981156
995580364
1001649389
1044250023
1089503307
1119623911
1134373204
1144563369
1150092351
1172763230
1235267270
1268575617
1287257544
1309742143
1348025888
1360306152
1366234688
1395670776
1429915587
1446906546
1453353884
1490587216
1504400764
1535085150
1543004014
1546726842
1595286403
1598359598
1633506602
1645895540
1655042739
1679152172
1681252757
1690644187
1702226491
1702518089
1708216853
1734292583
1751709705
1762706795
1778073619
1816806998
1817934371
1823332133
1834566164
1930010604
1931503695
1940359947
1962338313
1968616419
1972220990
1974855540
2009828822
2028074406
2057032280
214441045265250844
116672333
134202413
139006180
142079376
175794033
198943906
211639275
242508667
282723887
313573680
320946605
333729972
430282466
439770390
441120314
447699588
475449251
481667794
508192228
509650949
518867106
528493183
546918638
556474938
573843648
605564346
612273164
644246151
682279057
693252890
702392763
725616321
748136670
813387514
829158782
829308822
843473531
846988300
855529788
877982054
898244428
937439668
944779583
945981156
995580364
1001649389
1044250023
1089503307
1119623911
1134373204
1144563369
1150092351
1172763230
1235267270
1268575617
1287257544
1309742143
1348025888
1360306152
1366234688
1395670776
1429915587
1446906546
1453353884
1490587216
1504400764
1535085150
1543004014
1546726842
1595286403
1598359598
1633506602
1645895540
1655042739
1679152172
1681252757
1690644187
1702226491
1702518089
1708216853
1734292583
1751709705
1762706795
1778073619
1816806998
1817934371
1823332133
1834566164
1930010604
1931503695
1940359947
1962338313
1968616419
1972220990
1974855540
2009828822
2028074406
2057032280
214441045265250844
116672333
134202413
139006180
142079376
175794033
198943906
211639275
242508667
282723887
313573680
320946605
333729972
430282466
439770390
441120314
447699588
475449251
481667794
508192228
509650949
518867106
528493183
546918638
556474938
573843648
605564346
612273164
644246151
682279057
693252890
702392763
725616321
748136670
813387514
829158782
829308822
843473531
846988300
855529788
877982054
898244428
937439668
944779583
945981156
995580364
1001649389
1044250023
1089503307
1119623911
1134373204
1144563369
1150092351
1172763230
1235267270
1268575617
1287257544
1309742143
1348025888
1360306152
1366234688
1395670776
1429915587
1446906546
1453353884
1490587216
1504400764
1535085150
1543004014
1546726842
1595286403
1598359598
1633506602
1645895540
1655042739
1679152172
1681252757
1690644187
1702226491
1702518089
1708216853
1734292583
1751709705
1762706795
1778073619
1816806998
1817934371
1823332133
1834566164
1930010604
1931503695
1940359947
1962338313
1968616419
1972220990
1974855540
2009828822
2028074406
2057032280
2144410452